"103年05月06日 價格指數(臺灣證券交易所)"
"指數","收盤指數","漲跌(+/-)","漲跌點數","漲跌百分比(%)","特殊處理註記",
"寶島股價指數","10,424.80","+","51.32","0.49","",
"發行量加權股價指數","8,912.39","+","41.96","0.47","",
"臺灣50指數","6,179.38","+","36.14","0.59","",
"臺灣中型100指數","7,542.84","+","16.89","0.22","",
"臺灣資訊科技指數","7,342.31","+","50.70","0.70","",
"臺灣發達指數","7,736.52","-","3.29","-0.04","",
"臺灣高股息指數","5,848.02","+","25.32","0.43","",
"臺灣就業99指數","5,241.80","+","61.12","1.18","",
"臺灣企業經營101指數","5,690.24","+","35.29","0.62","",
"臺灣低波動高股息指數","1,470.36","+","11.83","0.81","",
"未含金融保險股指數","7,583.64","+","21.31","0.28","",
"未含電子股指數","13,076.44","+","56.65","0.44","",
"未含金融電子股指數","11,622.59","-","6.10","-0.05","",
"水泥窯製類指數","612.44","-","1.06","-0.17","",
"塑膠化工類指數","845.93","+","0.11","0.01","",
"機電類指數","1,960.71","+","9.54","0.49","",
"水泥類指數","152.95","-","0.06","-0.04","",
"食品類指數","1,204.22","-","6.45","-0.53","",
"塑膠類指數","225.69","-","1.42","-0.63","",
"紡織纖維類指數","525.99","+","2.10","0.40","",
"電機機械類指數","172.00","+","0.07","0.04","",
"電器電纜類指數","40.94","+","0.06","0.15","",
"化學生技醫療類指數","116.91","+","1.41","1.22","",
"化學類指數","111.37","+","0.51","0.46","",
"生技醫療類指數","87.59","+","1.86","2.17","",
"玻璃陶瓷類指數","66.58","-","0.52","-0.77","",
"造紙類指數","177.46","+","2.48","1.42","",
"鋼鐵類指數","99.40","+","0.22","0.22","",
"橡膠類指數","417.30","+","3.79","0.92","",
"汽車類指數","310.01","-","0.25","-0.08","",
"電子類指數","346.37","+","1.75","0.51","",
"半導體類指數","108.50","+","0.75","0.70","",
"電腦及週邊設備類指數","99.89","+","0.64","0.64","",
"光電類指數","38.84","+","0.05","0.13","",
"通信網路類指數","118.49","+","0.44","0.37","",
"電子零組件類指數","89.52","+","0.60","0.67","",
"電子通路類指數","117.81","+","0.16","0.14","",
"資訊服務類指數","97.03","+","0.21","0.22","",
"其他電子類指數","75.20","+","0.06","0.08","",
"建材營造類指數","293.33","-","0.17","-0.06","",
"航運類指數","73.24","+","0.09","0.12","",
"觀光類指數","142.61","-","2.28","-1.57","",
"金融保險類指數","981.96","+","17.11","1.77","",
"貿易百貨類指數","241.42","-","0.25","-0.10","",
"油電燃氣類指數","97.23","-","0.24","-0.25","",
"其他類指數","245.27","-","0.45","-0.18","",
"價格指數(跨市場)"
"指數","收盤指數","漲跌(+/-)","漲跌點數","漲跌百分比(%)","特殊處理註記",
"價格指數(臺灣指數公司)"
"指數","收盤指數","漲跌(+/-)","漲跌點數","漲跌百分比(%)","特殊處理註記",
"報酬指數(臺灣證券交易所)"
"報酬指數","收盤指數","漲跌(+/-)","漲跌點數","漲跌百分比(%)","特殊處理註記",
"寶島股價報酬指數","10,425.15","+","51.66","0.50","",
"發行量加權股價報酬指數","13,168.26","+","62.47","0.48","",
"臺灣50報酬指數","9,263.39","+","54.18","0.59","",
"臺灣中型100報酬指數","10,471.60","+","25.60","0.25","",
"臺灣資訊科技報酬指數","10,427.20","+","71.99","0.70","",
"臺灣發達報酬指數","10,495.60","-","3.47","-0.03","",
"臺灣高股息報酬指數","9,203.84","+","39.86","0.43","",
"臺灣就業99報酬指數","5,782.79","+","69.65","1.22","",
"臺灣企業經營101報酬指數","5,863.50","+","36.37","0.62","",
"臺灣低波動高股息報酬指數","2,768.15","+","22.27","0.81","",
"未含金融電子股報酬指數","17,320.79","-","7.29","-0.04","",
"水泥類報酬指數","193.21","-","0.08","-0.04","",
"食品類報酬指數","1,355.47","-","7.26","-0.53","",
"塑膠類報酬指數","273.04","-","1.72","-0.63","",
"紡織纖維類報酬指數","624.29","+","2.50","0.40","",
"電機機械類報酬指數","201.36","+","0.09","0.04","",
"電器電纜類報酬指數","44.99","+","0.06","0.13","",
"化學生技醫療類報酬指數","137.98","+","1.66","1.22","",
"化學類報酬指數","133.64","+","0.62","0.47","",
"生技醫療類報酬指數","99.38","+","2.11","2.17","",
"玻璃陶瓷類報酬指數","70.42","-","0.55","-0.77","",
"造紙類報酬指數","200.89","+","2.81","1.42","",
"鋼鐵類報酬指數","118.77","+","0.26","0.22","",
"橡膠類報酬指數","477.12","+","4.33","0.92","",
"汽車類報酬指數","349.83","-","0.29","-0.08","",
"電子類報酬指數","468.53","+","2.37","0.51","",
"半導體類報酬指數","141.63","+","0.99","0.70","",
"電腦及週邊設備類報酬指數","136.86","+","0.88","0.65","",
"光電類報酬指數","45.02","+","0.07","0.16","",
"通信網路類報酬指數","173.75","+","0.64","0.37","",
"電子零組件類報酬指數","119.00","+","0.79","0.67","",
"電子通路類報酬指數","163.45","+","0.23","0.14","",
"資訊服務類報酬指數","140.53","+","0.30","0.21","",
"其他電子類報酬指數","85.60","+","0.06","0.07","",
"建材營造類報酬指數","365.78","-","0.20","-0.05","",
"航運類報酬指數","84.40","+","0.11","0.13","",
"觀光類報酬指數","155.64","-","1.54","-0.98","",
"金融保險類報酬指數","1,187.70","+","20.70","1.77","",
"貿易百貨類報酬指數","271.48","-","0.28","-0.10","",
"油電燃氣類報酬指數","111.59","-","0.28","-0.25","",
"其他類報酬指數","301.97","-","0.55","-0.18","",
"報酬指數(跨市場)"
"報酬指數","收盤指數","漲跌(+/-)","漲跌點數","漲跌百分比(%)","特殊處理註記",
"報酬指數(臺灣指數公司)"
"報酬指數","收盤指數","漲跌(+/-)","漲跌點數","漲跌百分比(%)","特殊處理註記",
"103年05月06日 大盤統計資訊"
"成交統計","成交金額(元)","成交股數(股)","成交筆數",
"1.一般股票","97,140,628,188","2,323,706,837","795,551",
"2.台灣存託憑證","101,153,744","12,527,566","2,854",
"3.受益憑證","0","0","0",
"4.ETF","821,888,877","22,028,487","3,355",
"5.受益證券","28,183,780","1,728,000","331",
"6.變更交易股票","153,645,630","29,953,020","1,985",
"7.認購(售)權證","3,152,597,300","2,808,325,000","75,452",
"8.轉換公司債","0","0","0",
"9.附認股權特別股","0","0","0",
"10.附認股權公司債","0","0","0",
"11.認股權憑證","0","0","0",
"12.公司債","0","0","0",
"13.ETN","0","0","0",
"14.創新板股票","0","0","0",
"15.創新板-變更交易方法股票","0","0","0",
"證券合計(1+6+14+15)","97,294,273,818","2,353,659,857","797,536",
"總計(1~15)","101,398,097,519","5,198,268,910","879,528",
"漲跌證券數合計"
"類型","整體市場","股票",
"上漲(漲停)","2,633(31)","426(20)",
"下跌(跌停)","2,357(27)","314(2)",
"持平","434","99",
"未成交","3,252","3",
"無比價","869","2",
"備註:"
""漲跌價差"為當日收盤價與前一日收盤價比較。",
""無比價"含前一日無收盤價、當日除權、除息、新上市、恢復交易者。",

"103年05月06日每日收盤行情(全部(不含權證、牛熊證))"
"(元,股)",,,,,,,,,,,"(元,交易單位)",,,,,
"證券代號","證券名稱","成交股數","成交筆數","成交金額","開盤價","最高價","最低價","收盤價","漲跌(+/-)","漲跌價差","最後揭示買價","最後揭示買量","最後揭示賣價","最後揭示賣量","本益比",
="0050","元大台灣50","10,313,513","1,010","632,333,847","61.50","61.75","61.10","61.55","+","0.35","61.55","407","61.60","142","0.00",
="0051","元大中型100","16,250","12","486,080","29.75","29.99","29.75","29.99","+","0.35","29.82","1","30.00","5","0.00",
="0052","富邦科技","12,000","8","438,770","36.75","36.75","36.38","36.51","X","0.00","36.52","2","37.15","1","0.00",
="0053","元大電子","211,800","63","5,730,012","26.93","27.29","26.91","27.14","+","0.23","27.10","2","27.14","4","0.00",
="0054","元大台商50","66,000","23","1,460,420","21.85","22.20","21.81","22.19","+","0.21","22.01","2","22.19","6","0.00",
="0055","元大MSCI金融","1,046,000","231","13,703,440","13.00","13.24","12.98","13.24","+","0.24","13.23","5","13.24","257","0.00",
="0056","元大高股息","1,099,154","434","26,609,443","24.10","24.25","24.10","24.22","+","0.12","24.22","492","24.24","5","0.00",
="0057","富邦摩台","208,000","12","7,692,070","36.82","37.16","36.81","37.16","+","0.30","37.12","50","37.15","50","0.00",
="0058","富邦發達","4,000","1","143,880","35.97","35.97","35.97","35.97","-","0.11","35.99","29","36.16","3","0.00",
="0059","富邦金融","6,000","3","172,760","28.69","29.25","28.69","29.25","+","0.44","29.16","20","29.25","4","0.00",
="0060","新台灣","2,000","2","58,960","29.46","29.50","29.46","29.50","-","1.48","29.71","1","29.96","1","0.00",
="0061","元大寶滬深","4,160,990","656","47,721,561","11.40","11.51","11.40","11.51","+","0.12","11.49","12","11.51","215","0.00",
="006203","元大MSCI台灣","39,000","5","1,154,770","29.62","29.75","29.60","29.75","+","0.23","29.71","124","29.82","1","0.00",
="006204","永豐臺灣加權","174,000","66","7,652,530","43.95","44.09","43.76","44.09","+","0.29","44.09","197","44.10","6","0.00",
="006205","富邦上証","1,904,180","378","34,092,384","17.88","17.96","17.85","17.92","+","0.17","17.92","5","17.93","31","0.00",
="006206","元大上證50","1,226,000","283","20,900,910","17.01","17.12","16.99","17.05","+","0.09","17.05","67","17.07","118","0.00",
="006207","FH滬深","1,484,000","147","19,370,570","13.02","13.12","13.00","13.07","+","0.12","13.06","50","13.07","9","0.00",
="006208","富邦台50","52,000","5","1,812,260","34.70","34.90","34.70","34.81","X","0.00","34.84","43","34.93","50","0.00",
="0080","恒中國","600","3","205,800","343.00","343.00","343.00","343.00","X","0.00","343.00","1","347.00","1","0.00",
="0081","恒香港","0","0","0","--","--","--","--"," ","0.00","731.00","1","896.00","1","0.00",
="008201","BP上證50","3,000","13","148,410","49.50","50.50","49.31","49.50"," ","0.00","49.31","5","49.50","28","0.00",
="01001T","土銀富邦R1","416,000","68","6,110,700","14.70","14.80","14.63","14.70","+","0.03","14.70","2","14.71","5","0.00",
="01002T","土銀國泰R1","109,000","23","1,992,100","18.30","18.30","18.25","18.26","-","0.02","18.26","23","18.28","22","0.00",
="01003T","兆豐新光R1","15,000","3","196,500","13.10","13.10","13.10","13.10"," ","0.00","13.01","10","13.15","72","0.00",
="01004T","土銀富邦R2","53,000","17","647,000","12.25","12.25","12.05","12.14","-","0.06","12.06","5","12.14","5","0.00",
="01007T","兆豐國泰R2","314,000","41","4,611,310","14.67","14.70","14.65","14.70","+","0.12","14.65","1","14.69","6","0.00",
="01008T","駿馬R1","821,000","179","14,626,170","17.85","17.85","17.65","17.65","-","0.20","17.65","13","17.82","14","0.00",
"1101","台泥","5,972,831","1,651","279,875,729","46.85","47.05","46.65","46.80","-","0.15","46.80","163","46.85","7","17.21",
"1102","亞泥","4,512,873","1,405","177,718,884","39.45","39.55","39.15","39.50","+","0.10","39.40","52","39.50","21","19.08",
"1103","嘉泥","177,255","89","2,824,147","16.00","16.05","15.85","16.00"," ","0.00","15.95","15","16.00","2","8.12",
"1104","環泥","117,966","71","3,427,763","29.05","29.15","29.00","29.00","-","0.05","29.00","48","29.10","4","15.76",
"1108","幸福","187,000","82","1,625,120","8.73","8.78","8.63","8.73","+","0.01","8.73","2","8.74","51","19.84",
"1109","信大","472,923","142","6,959,468","14.80","14.80","14.65","14.75","+","0.15","14.75","20","14.80","68","22.69",
"1110","東泥","85,078","28","1,384,613","16.20","16.35","16.10","16.35","+","0.10","16.30","5","16.35","10","62.88",
"1201","味全","811,608","331","36,417,326","44.95","45.00","44.55","44.75","-","0.20","44.60","5","44.75","15","26.02",
"1203","味王","76,620","38","1,738,798","22.85","22.85","22.60","22.70","-","0.15","22.65","17","22.70","9","20.45",
"1210","大成","2,300,081","981","69,292,575","30.10","30.30","29.90","30.20","+","0.10","30.20","27","30.25","17","8.86",
"1213","大飲","62,456","32","1,324,939","21.35","21.40","21.10","21.40","-","0.10","21.20","1","21.40","3","66.88",
"1215","卜蜂","11,499,985","5,492","299,393,249","25.25","26.80","25.15","26.25","+","1.00","26.25","14","26.30","30","13.46",
"1216","統一","5,454,868","2,556","278,700,123","51.50","51.50","50.80","51.10","-","0.40","51.10","13","51.20","22","20.60",
"1217","愛之味","1,076,027","300","10,200,925","9.51","9.52","9.43","9.45","-","0.04","9.45","43","9.50","14","0.00",
"1218","泰山","570,829","168","7,411,414","13.00","13.05","12.95","13.00","-","0.05","13.00","101","13.05","72","0.00",
"1219","福壽","54,340","35","822,716","15.10","15.20","15.10","15.20"," ","0.00","15.20","4","15.25","6","168.89",
"1220","台榮","37,006","24","373,710","10.05","10.15","10.05","10.10","-","0.05","10.05","43","10.10","1","31.56",
"1225","福懋油","325,611","92","4,281,543","13.10","13.40","13.05","13.30","+","0.05","13.25","15","13.40","2","42.90",
"1227","佳格","502,470","385","41,256,721","82.70","82.70","81.90","82.10","-","0.40","82.10","1","82.20","21","29.01",
"1229","聯華","265,679","95","5,076,815","19.20","19.20","19.05","19.20"," ","0.00","19.15","3","19.20","21","12.31",
"1231","聯華食","480,020","235","19,428,909","40.70","40.70","40.20","40.60","+","0.15","40.55","6","40.60","33","15.68",
"1232","大統益","193,185","150","14,624,860","76.00","76.00","75.50","75.60","-","0.80","75.60","11","75.80","5","17.10",
"1233","天仁","29,212","34","1,416,631","48.45","48.60","48.45","48.50","-","0.10","48.50","4","48.55","1","19.02",
"1234","黑松","211,850","91","6,708,782","31.80","31.80","31.50","31.75","+","0.05","31.70","10","31.75","15","40.71",
"1235","興泰","288,030","186","8,576,521","29.70","30.70","29.10","30.50","+","0.30","30.50","2","30.60","2","0.00",
"1236","宏亞","470,196","48","12,049,962","25.40","25.80","25.30","25.65"," ","0.00","25.50","2","25.75","1","20.36",
"1262","綠悅-KY","270,404","215","56,098,638","203.50","213.50","201.50","211.00","+","4.00","210.50","1","212.00","4","22.38",
"1301","台塑","3,586,023","1,747","278,890,552","78.20","78.20","77.20","77.70","-","0.30","77.70","7","77.80","2","23.91",
"1303","南亞","3,130,177","1,631","203,214,401","65.80","65.80","64.50","64.70","-","0.80","64.70","371","65.00","15","20.28",
"1304","台聚","1,680,651","604","32,404,573","19.05","19.40","19.00","19.30","+","0.30","19.30","44","19.35","40","24.43",
"1305","華夏","855,337","314","13,293,353","15.60","15.65","15.50","15.50","-","0.05","15.50","90","15.55","21","9.28",
"1307","三芳","77,090","56","2,278,404","29.50","29.75","29.40","29.65","+","0.15","29.60","2","29.75","1","13.54",
"1308","亞聚","700,785","470","16,509,443","23.90","23.90","23.50","23.60","-","0.15","23.55","29","23.60","9","20.70",
"1309","台達化","383,460","129","3,968,135","10.30","10.40","10.30","10.40","+","0.10","10.35","17","10.40","11","208.00",
"1310","台苯","3,300,486","1,182","59,398,248","18.10","18.30","17.80","18.00"," ","0.00","18.00","72","18.05","72","8.33",
"1312","國喬","6,484,598","1,600","129,751,960","20.25","20.30","19.85","20.15","+","0.05","20.10","15","20.15","48","9.50",
"1312A","國喬特","0","0","0","--","--","--","--"," ","0.00","23.45","4","23.80","7","0.00",
"1313","聯成","559,979","121","7,577,764","13.55","13.60","13.50","13.50","-","0.05","13.50","129","13.55","98","25.96",
"1314","中石化","22,829,489","4,656","267,128,353","11.55","11.85","11.50","11.65","+","0.10","11.65","322","11.70","162","0.00",
"1315","達新","26,165","17","750,667","28.60","28.80","28.60","28.80"," ","0.00","28.60","4","28.80","3","35.12",
"1316","上曜","244,000","70","3,025,300","12.45","12.45","12.35","12.40","-","0.10","12.40","32","12.45","14","0.00",
"1319","東陽","1,512,593","717","66,059,118","44.10","44.10","43.40","43.45","-","0.65","43.45","8","43.50","1","19.06",
"1321","大洋","740,000","354","32,378,850","43.80","44.40","43.20","43.20","-","0.60","43.20","6","43.40","13","720.00",
"1323","永裕","160,645","110","6,226,909","38.70","38.95","38.55","38.70","+","0.20","38.70","11","38.80","2","13.97",
"1324","地球","84,000","31","1,378,000","16.40","16.45","16.40","16.40"," ","0.00","16.35","16","16.45","8","28.28",
"1325","恆大","70,193","44","1,300,570","18.55","18.65","18.45","18.60"," ","0.00","18.50","2","18.60","7","25.83",
"1326","台化","3,802,380","2,071","272,326,626","72.00","72.10","71.50","71.60","-","0.40","71.60","166","71.70","5","16.85",
"1337","再生-KY","14,859,369","7,884","1,102,738,000","77.40","77.40","72.00","73.00","+","0.20","73.00","248","73.10","38","11.34",
"1338","廣華-KY","393,080","241","45,303,400","114.00","117.00","113.00","115.50","+","1.50","115.00","33","115.50","1","19.68",
"1339","昭輝","2,428,085","1,368","150,196,771","59.20","63.20","58.70","63.20","+","4.10","63.20","255","--","0","18.98",
"1340","勝悅-KY","108,213","103","14,329,829","133.00","133.50","131.50","132.50","-","1.50","132.00","1","132.50","4","13.65",
"1402","遠東新","2,325,707","1,102","72,124,567","31.10","31.15","30.85","31.10","+","0.25","31.05","90","31.10","179","22.21",
"1409","新纖","1,227,379","356","12,025,211","9.80","9.81","9.77","9.78","+","0.01","9.78","47","9.79","4","14.60",
"1410","南染","103,092","61","2,438,358","23.55","23.90","23.50","23.70","+","0.05","23.65","7","23.70","2","21.94",
"1413","宏洲","219,395","47","921,488","4.21","4.23","4.14","4.19","-","0.01","4.16","6","4.19","31","0.00",
"1414","東和","310,152","111","2,991,555","9.64","9.67","9.63","9.65","+","0.01","9.65","5","9.69","16","15.56",
"1416","廣豐","345,696","164","7,016,870","20.95","20.95","19.95","20.05","+","0.25","20.05","1","20.10","15","91.14",
"1417","嘉裕","429,005","151","3,522,558","8.15","8.25","8.15","8.20","+","0.07","8.20","4","8.22","7","205.00",
"1418","東華","105,000","22","711,280","6.82","6.82","6.71","6.71","-","0.06","6.72","3","6.75","10","0.00",
"1419","新紡","32,107","31","1,230,871","38.25","38.50","38.10","38.25","+","0.15","38.20","13","38.45","2","69.55",
"1423","利華","129,000","21","993,280","7.75","7.75","7.69","7.73","-","0.02","7.69","2","7.73","14","0.00",
"1432","大魯閣","279,651","124","6,942,058","24.85","25.05","24.65","24.90","+","0.05","24.75","13","24.90","8","0.00",
"1434","福懋","863,725","355","27,376,171","32.30","32.30","31.55","31.70","+","0.10","31.65","13","31.70","3","24.96",
"1435","中福","89,111","34","575,660","6.41","6.52","6.41","6.50","+","0.09","6.46","5","6.50","3","0.00",
"1436","華友聯","45,928","27","2,178,716","47.00","47.80","47.00","47.80","+","0.05","47.00","2","47.80","4","0.00",
"1437","勤益控","242,040","111","4,684,722","19.20","19.50","19.00","19.45","+","0.25","19.35","6","19.45","12","0.00",
"1438","三地開發","184,255","69","1,294,628","6.72","7.17","6.72","6.82","+","0.10","6.82","4","6.99","23","23.52",
"1439","雋揚","52,111","27","747,887","14.30","14.55","14.20","14.20","+","0.10","14.25","1","14.35","14","710.00",
"1440","南紡","2,403,932","625","48,246,627","20.15","20.20","20.00","20.05"," ","0.00","20.05","113","20.10","10","26.38",
"1441","大東","111,434","47","1,083,658","9.78","9.78","9.70","9.70","-","0.08","9.70","16","9.75","1","0.00",
"1442","名軒","620,735","193","21,271,437","34.20","34.50","34.00","34.40","+","0.25","34.30","2","34.40","16","5.54",
"1443","立益物流","258,227","111","2,010,596","7.45","7.89","7.45","7.85","+","0.31","7.83","5","7.85","3","0.00",
"1444","力麗","1,349,175","251","14,755,248","10.70","11.00","10.70","11.00","+","0.30","10.75","25","11.00","10","15.49",
"1445","大宇","862,491","125","8,928,432","10.20","10.40","10.20","10.30"," ","0.00","10.30","18","10.35","159","21.91",
"1446","宏和","97,994","38","2,766,580","28.40","28.40","28.05","28.35","-","0.10","28.30","1","28.35","7","0.00",
"1447","力鵬","2,820,157","655","40,250,284","14.25","14.40","14.15","14.25","-","0.10","14.25","30","14.30","10","10.18",
"1449","佳和","92,528","17","144,372","1.56","1.56","1.56","1.56"," ","0.00","1.55","20","1.56","124","0.00",
"1451","年興","245,809","151","7,270,254","29.80","29.80","29.50","29.65","+","0.05","29.65","1","29.70","221","14.90",
"1452","宏益","303,609","103","3,714,789","12.30","12.40","12.10","12.15","-","0.15","12.15","13","12.20","53","11.80",
"1453","大將","116,324","48","1,141,893","9.77","9.91","9.76","9.90","+","0.08","9.90","10","9.91","2","41.25",
"1454","台富","77,077","30","626,473","8.10","8.15","8.10","8.15","-","0.03","8.14","2","8.15","1","29.11",
"1455","集盛","342,740","153","3,200,798","9.28","9.37","9.28","9.33","+","0.03","9.33","16","9.36","15","15.55",
"1456","怡華","6,000","3","52,000","8.50","9.00","8.50","9.00"," ","0.00","8.75","5","9.00","12","0.00",
"1457","宜進","460,284","136","3,952,894","8.56","8.64","8.55","8.59","+","0.04","8.59","11","8.60","5","11.93",
"1459","聯發","120,359","51","1,134,696","9.44","9.49","9.37","9.47","+","0.03","9.46","1","9.47","3","16.91",
"1460","宏遠","3,948,358","986","46,750,772","12.00","12.10","11.70","11.80","-","0.20","11.75","192","11.80","23","22.26",
"1463","強盛","901,001","202","13,240,114","14.65","14.80","14.60","14.70","+","0.05","14.65","36","14.75","12","44.55",
"1464","得力","313,506","78","3,833,196","12.30","12.30","12.20","12.20","-","0.05","12.20","40","12.30","48","0.00",
"1465","偉全","237,871","117","4,991,165","21.00","21.10","20.80","20.80"," ","0.00","20.80","10","20.95","4","17.19",
"1466","聚隆","2,765,241","938","54,719,325","18.75","20.05","18.65","20.05","+","1.30","20.05","415","--","0","20.25",
"1467","南緯","180,350","83","2,467,911","13.90","13.90","13.60","13.70","-","0.05","13.70","8","13.75","20","13.70",
"1468","昶和","36,001","13","360,889","10.00","10.20","9.96","9.98","-","0.07","9.98","7","10.20","2","0.00",
"1469","理隆","2,001","3","23,961","11.75","12.20","11.75","12.20","-","0.05","11.80","4","12.05","1","203.33",
"1470","大統新創","5,000","4","86,300","17.10","17.30","17.10","17.30","X","0.00","17.10","1","18.15","1","50.88",
"1471","首利","308,658","134","3,206,925","10.35","10.45","10.35","10.35","-","0.10","10.35","34","10.40","11","69.00",
"1472","三洋實業","58,200","41","2,439,400","43.00","43.00","41.50","41.90","-","0.90","41.70","8","41.90","7","0.00",
"1473","台南","265,482","102","8,711,029","33.05","33.05","32.70","33.05","+","0.05","33.00","5","33.05","4","20.40",
"1474","弘裕","341,171","105","3,098,457","9.00","9.14","9.00","9.10","+","0.22","9.06","20","9.12","6","16.55",
"1475","業旺","118,000","50","2,333,250","19.35","20.00","19.00","20.00","+","0.70","19.25","1","20.00","2","0.00",
"1476","儒鴻","406,562","390","134,596,460","332.50","334.00","329.00","330.00","-","0.50","330.00","29","330.50","11","30.25",
"1477","聚陽","640,110","380","103,971,320","162.00","163.50","161.00","163.00","+","1.50","162.50","8","163.00","5","20.55",
"1503","士電","143,756","70","5,291,626","36.80","36.95","36.60","36.90","+","0.05","36.90","4","36.95","6","16.40",
"1504","東元","3,434,662","1,216","114,362,005","33.50","33.55","33.05","33.45","+","0.05","33.40","13","33.45","39","17.61",
"1506","正道","467,603","195","9,675,801","20.55","20.95","20.40","20.70","+","0.15","20.65","11","20.70","16","0.00",
"1507","永大","434,884","374","38,102,766","88.10","88.10","87.30","87.70","-","0.30","87.70","1","87.80","2","20.93",
"1512","瑞利","575,005","187","5,664,585","9.95","9.95","9.83","9.83","-","0.12","9.82","46","9.83","6","0.00",
"1513","中興電","2,088,721","745","42,552,933","20.40","20.55","20.25","20.30"," ","0.00","20.30","53","20.35","15","16.24",
"1514","亞力","179,389","91","1,719,637","9.64","9.65","9.52","9.54","-","0.10","9.54","1","9.60","8","26.50",
"1515","力山","369,624","120","4,117,175","11.15","11.25","11.05","11.15","-","0.10","11.10","43","11.15","7","9.78",
"1516","川飛","5,974","12","61,626","9.70","10.95","9.70","10.35","+","0.10","10.35","1","--","0","57.50",
"1517","利奇","2,863,519","1,057","50,250,206","17.40","17.80","17.25","17.55","+","0.25","17.55","3","17.60","40","11.55",
"1519","華城","575,600","213","9,571,807","16.90","16.90","16.55","16.70","-","0.20","16.70","12","16.75","17","37.95",
"1521","大億","396,075","316","34,572,775","88.10","89.20","86.10","87.10","-","0.90","87.10","10","88.00","3","21.67",
"1522","堤維西","659,642","308","12,756,958","19.35","19.45","19.15","19.20","-","0.15","19.20","5","19.25","10","96.00",
"1524","耿鼎","316,000","130","2,663,940","8.38","8.55","8.37","8.37","-","0.01","8.37","1","8.40","2","0.00",
"1525","江申","43,000","37","3,038,200","70.80","71.00","70.50","70.60","-","0.40","70.50","5","71.20","4","16.42",
"1526","日馳","67,809","26","717,084","10.70","10.70","10.50","10.55","-","0.10","10.55","15","10.65","1","15.07",
"1527","鑽全","1,151,688","582","44,437,104","38.00","38.85","38.00","38.70","+","0.70","38.55","5","38.70","41","11.28",
"1528","恩德","118,016","95","1,763,637","14.90","15.00","14.90","15.00","+","0.05","14.95","11","15.00","17","20.55",
"1529","樂事綠能","190,000","10","604,000","3.20","3.20","3.15","3.20","+","0.05","3.20","44","3.25","10","0.00",
"1530","亞崴","146,330","132","8,387,542","57.60","58.00","57.00","57.40","-","0.20","57.10","1","57.40","2","22.33",
"1531","高林股","1,482,091","659","40,203,478","27.30","27.35","26.85","27.25","+","0.35","27.25","3","27.30","5","18.54",
"1532","勤美","543,414","354","19,402,174","35.25","36.00","35.25","35.70","+","0.45","35.65","14","35.70","6","4.31",
"1533","車王電","1,132,400","756","53,517,780","47.00","47.70","46.55","47.00","+","0.50","46.95","2","47.00","6","22.27",
"1535","中宇","38,527","44","2,931,052","76.10","76.20","75.90","76.00","-","0.10","76.00","12","76.20","1","15.29",
"1536","和大","1,785,365","792","89,085,173","50.60","50.60","49.55","50.00"," ","0.00","49.90","8","50.00","51","26.04",
"1537","廣隆","507,102","346","49,628,046","96.50","99.30","96.30","98.10","+","1.80","98.00","6","98.20","1","13.97",
"1538","正峰","345,000","142","3,439,540","10.15","10.15","9.76","9.99","-","0.01","9.91","20","9.99","4","0.00",
"1539","巨庭","338,000","169","7,472,800","22.50","22.50","21.85","22.00","-","0.40","22.00","2","22.05","1","15.94",
"1540","喬福","203,129","101","4,696,655","22.90","23.40","22.90","23.25","+","0.35","23.20","3","23.25","4","15.71",
"1541","錩泰","397,327","255","7,685,876","19.25","19.90","19.00","19.30","+","0.10","19.30","11","19.55","1","0.00",
"1560","中砂","1,492,457","915","129,378,010","86.90","87.50","85.30","86.60","+","0.80","86.60","112","86.80","2","21.76",
"1582","信錦","266,012","161","14,171,139","53.50","53.50","52.90","53.20","+","0.30","53.20","4","53.30","9","12.17",
"1583","程泰","690,200","441","66,788,159","98.80","98.80","95.50","95.50","-","2.90","95.50","23","96.40","1","23.70",
"1589","永冠-KY","4,574,942","2,778","675,722,771","143.00","150.50","139.50","150.50","+","9.50","150.50","23","--","0","28.08",
"1590","亞德客-KY","485,420","467","158,180,160","324.50","331.50","322.00","322.00","-","1.00","322.00","11","323.00","3","32.10",
"1603","華電","138,331","35","1,675,504","12.05","12.25","12.05","12.15","+","0.10","12.15","6","12.20","25","13.97",
"1604","聲寶","657,235","210","7,589,694","11.60","11.60","11.50","11.55"," ","0.00","11.55","109","11.60","167","13.92",
"1605","華新","5,776,775","1,258","57,849,434","10.05","10.10","9.98","9.99"," ","0.00","9.99","320","10.00","75","0.00",
"1608","華榮","1,473,632","312","17,493,824","11.85","12.00","11.75","11.80","-","0.05","11.80","42","11.85","44","11.92",
"1609","大亞","1,018,931","232","7,518,997","7.40","7.41","7.36","7.37","-","0.02","7.37","4","7.40","107","29.48",
"1611","中電","253,497","103","3,238,459","12.80","12.85","12.70","12.75","-","0.10","12.75","8","12.80","41","0.00",
"1612","宏泰","655,059","154","6,867,615","10.50","10.55","10.45","10.50"," ","0.00","10.50","22","10.55","46","65.63",
"1613","台一","1,121,226","389","7,919,395","7.13","7.14","7.02","7.02","-","0.08","7.02","149","7.04","30","0.00",
"1614","三洋電","252,484","127","8,758,596","34.10","35.10","34.00","34.80","+","0.65","34.80","3","35.00","1","37.42",
"1615","大山","9,000","8","94,700","10.55","10.60","10.45","10.50","+","0.05","10.40","5","10.50","9","38.89",
"1616","億泰","188,972","57","1,212,599","6.45","6.48","6.38","6.45","-","0.01","6.38","1","6.45","22","322.50",
"1617","榮星","154,000","18","1,326,090","8.68","8.68","8.55","8.62","-","0.09","8.62","1","8.67","2","71.83",
"1618","合機","65,833","39","633,754","9.53","9.67","9.52","9.66","+","0.13","9.62","1","9.65","5","0.00",
"1626","艾美特-KY","141,021","92","9,804,565","69.60","70.30","69.00","69.20","-","0.70","69.20","13","69.60","2","13.87",
"1701","中化","6,452,044","2,599","151,610,430","23.25","23.85","22.85","23.50","+","0.25","23.50","39","23.55","73","29.01",
"1702","南僑","1,664,039","1,167","99,403,426","60.40","60.80","59.10","59.60","-","0.60","59.60","4","59.70","3","17.33",
"1704","榮化","908,842","585","28,173,342","31.00","31.25","30.70","30.95","-","0.05","30.95","2","31.00","5","0.00",
"1707","葡萄王","1,071,223","727","145,542,214","138.00","138.00","134.50","135.00","-","3.00","135.00","93","136.00","11","21.03",
"1708","東鹼","172,900","94","5,493,068","31.80","31.90","31.70","31.80"," ","0.00","31.80","11","31.90","13","12.14",
"1709","和益","46,164","40","678,037","14.70","14.70","14.65","14.70","+","0.05","14.65","54","14.75","3","21.30",
"1710","東聯","324,123","145","9,683,711","29.90","29.95","29.80","29.90"," ","0.00","29.90","40","29.95","54","20.62",
"1711","永光","8,278,437","3,478","245,309,725","28.80","30.20","28.60","29.85","+","1.35","29.80","84","29.85","129","24.07",
"1712","興農","1,124,740","445","20,013,680","17.80","17.95","17.70","17.80"," ","0.00","17.75","34","17.80","7","12.99",
"1713","國化","89,100","24","1,510,590","16.85","17.10","16.85","17.00","+","0.15","16.90","9","17.00","5","33.33",
"1714","和桐","798,293","289","10,831,901","13.60","13.65","13.50","13.60"," ","0.00","13.55","266","13.60","3","25.66",
"1715","萬洲","1,990,639","845","45,089,886","22.80","22.90","22.50","22.60","-","0.15","22.55","59","22.60","29","18.37",
"1717","長興","339,768","196","10,715,283","31.35","31.65","31.35","31.50","+","0.15","31.45","27","31.50","2","16.24",
"1718","中纖","2,192,921","437","22,875,616","10.40","10.50","10.35","10.45","+","0.10","10.40","77","10.45","140","12.29",
"1720","生達","4,558,223","2,639","198,571,169","41.95","44.60","41.95","44.00","+","2.20","43.95","1","44.00","13","26.35",
"1721","三晃","167,588","92","1,707,898","10.00","10.35","9.98","10.20","+","0.27","10.15","19","10.20","11","170.00",
"1722","台肥","2,429,288","1,366","147,076,198","60.00","60.90","59.80","60.50","+","0.50","60.50","472","60.70","23","23.36",
"1723","中碳","154,673","136","27,149,448","176.50","176.50","175.00","175.50","-","0.50","175.50","90","176.00","25","18.28",
"1724","台硝","310,215","136","5,297,365","17.15","17.20","17.00","17.15","-","0.05","17.15","5","17.20","10","59.14",
"1725","元禎","10,000","7","148,050","14.90","14.90","14.75","14.80","-","0.10","14.75","3","14.90","3","21.76",
"1726","永記","286,547","220","24,672,401","87.50","88.00","85.10","85.40","-","1.40","85.40","2","85.60","2","13.49",
"1727","中華化","368,053","127","6,398,612","17.30","17.40","17.30","17.40","+","0.10","17.35","5","17.40","13","15.96",
"1729","必翔","876,040","350","27,749,775","31.30","32.40","31.30","31.95","+","0.75","31.95","15","32.00","8","0.00",
"1730","花仙子","191,000","95","5,435,400","28.50","28.65","28.35","28.55","+","0.20","28.55","6","28.65","14","7.67",
"1731","美吾華","1,198,523","502","18,429,974","15.00","15.65","15.00","15.55","+","0.55","15.55","5","15.60","65","34.56",
"1732","毛寶","50,006","30","598,418","12.10","12.10","11.80","11.95","-","0.10","11.95","15","12.00","12","0.00",
"1733","五鼎","305,627","226","20,047,353","65.30","65.90","65.00","65.90","+","0.60","65.80","22","66.00","16","17.48",
"1734","杏輝","14,783,442","7,660","808,540,835","53.10","56.00","52.70","54.40","+","1.60","54.40","40","54.50","22","27.06",
"1735","日勝化","31,000","15","390,550","12.60","12.65","12.55","12.60","+","0.10","12.55","4","12.65","13","18.81",
"1736","喬山","1,375,991","996","110,528,070","78.00","81.90","77.50","81.00","+","4.00","81.00","33","81.10","4","19.06",
"1737","臺鹽","240,679","192","6,254,054","25.80","26.10","25.70","25.95","+","0.25","25.95","15","26.00","20","41.19",
"1762","中化生","1,024,092","689","46,246,077","43.80","46.45","43.50","46.00","+","2.50","46.00","17","46.10","1","36.80",
"1773","勝一","109,035","88","5,801,207","53.60","53.60","53.00","53.50","-","0.10","53.30","1","53.50","5","13.21",
"1783","和康生","1,255,010","718","67,505,340","50.90","54.40","50.90","54.40","+","3.50","54.40","1,040","--","0","1,360.00",
"1786","科妍","1,217,635","943","98,064,841","78.40","83.80","77.00","82.80","+","4.40","82.70","4","82.80","1","102.22",
"1789","神隆","2,621,128","1,691","221,649,682","83.40","85.40","82.70","84.60","+","1.80","84.60","7","84.70","10","45.00",
"1802","台玻","821,968","416","22,607,573","27.65","27.80","27.40","27.40","-","0.25","27.40","81","27.50","200","0.00",
"1805","寶徠","24,156","17","294,087","12.20","12.30","12.05","12.05","-","0.15","12.05","5","12.20","3","4.65",
"1806","冠軍","250,045","95","2,716,385","10.80","10.90","10.80","10.90","+","0.05","10.85","42","10.90","12","17.03",
"1808","潤隆","55,049","33","1,608,730","29.25","29.50","29.10","29.30"," ","0.00","29.20","5","29.30","18","91.56",
"1809","中釉","299,316","119","4,705,779","15.70","15.90","15.60","15.65","-","0.05","15.65","8","15.70","91","20.87",
"1810","和成","291,550","110","2,971,560","10.30","10.30","10.15","10.20","-","0.05","10.15","101","10.20","13","20.82",
"1817","凱撒衛","221,000","128","7,664,500","35.30","35.30","34.25","34.60","-","0.20","34.60","4","34.75","1","15.18",
"1902","台紙","171,457","71","2,056,252","12.00","12.05","11.95","12.00","+","0.05","12.00","5","12.05","32","300.00",
"1903","士紙","201,066","144","8,708,720","42.00","43.85","42.00","43.70","+","1.60","43.55","26","43.70","7","0.00",
"1904","正隆","801,629","336","10,646,276","13.10","13.40","13.10","13.30","+","0.25","13.30","6","13.35","14","11.88",
"1905","華紙","1,749,737","428","16,057,281","9.15","9.22","9.11","9.20","+","0.05","9.19","5","9.20","40","0.00",
"1906","寶隆","95,000","23","846,600","8.89","8.97","8.87","8.97","+","0.08","8.91","5","8.97","1","0.00",
"1907","永豐餘","907,220","315","12,119,020","13.35","13.45","13.25","13.40","+","0.10","13.40","9","13.45","60","36.22",
"1909","榮成","813,038","239","10,751,795","13.10","13.30","13.10","13.30","+","0.15","13.30","43","13.35","35","12.31",
"2002","中鋼","7,996,536","3,414","201,770,325","25.25","25.35","25.15","25.35","+","0.10","25.30","10","25.35","285","24.14",
"2002A","中鋼特","11,000","3","454,300","41.30","41.30","41.30","41.30","+","0.20","41.30","4","41.40","3","0.00",
"2006","東和鋼鐵","391,465","173","10,098,215","25.80","25.90","25.75","25.80"," ","0.00","25.80","6","25.85","9","12.17",
"2007","燁興","47,630","27","299,623","6.35","6.35","6.28","6.29","-","0.06","6.28","3","6.29","1","0.00",
"2008","高興昌","453,984","169","5,842,040","12.70","13.10","12.70","12.95","+","0.05","12.95","2","13.00","20","0.68",
"2009","第一銅","286,377","93","3,004,720","10.55","10.60","10.40","10.45","-","0.20","10.40","39","10.45","2","87.08",
"2010","春源","823,895","260","10,579,589","12.80","12.90","12.80","12.80"," ","0.00","12.80","94","12.85","82","17.78",
"2012","春雨","991,980","338","13,124,883","13.00","13.50","12.85","13.35","+","0.40","13.30","4","13.35","4","24.72",
"2013","中鋼構","151,700","115","4,978,707","33.00","33.00","32.70","32.75","-","0.25","32.70","14","32.75","1","14.56",
"2014","中鴻","693,985","312","5,399,267","7.81","7.84","7.76","7.78","-","0.03","7.78","11","7.79","12","77.80",
"2015","豐興","679,158","202","34,771,147","50.30","50.60","50.20","50.30","-","0.20","50.30","13","50.40","69","20.79",
"2017","官田鋼","460,752","112","3,061,401","6.66","6.66","6.62","6.64","-","0.02","6.64","26","6.65","3","0.00",
"2020","美亞","150,284","39","2,053,009","13.65","13.70","13.55","13.70"," ","0.00","13.65","3","13.70","32","20.15",
"2022","聚亨","572,890","144","3,071,295","5.38","5.40","5.34","5.38"," ","0.00","5.36","10","5.38","24","0.00",
"2023","燁輝","1,168,711","416","10,963,482","9.41","9.45","9.36","9.38","-","0.02","9.38","15","9.40","5","19.96",
"2024","志聯","99,296","27","700,042","7.06","7.09","7.01","7.02","-","0.04","7.02","15","7.09","16","14.94",
"2025","千興","749,420","185","3,103,589","4.16","4.18","4.12","4.12","-","0.06","4.12","10","4.14","17","0.00",
"2027","大成鋼","4,897,356","1,641","85,261,188","17.40","17.60","17.20","17.25","-","0.05","17.25","82","17.30","7","59.48",
"2028","威致","183,358","57","889,084","4.85","4.87","4.80","4.87","+","0.02","4.85","51","4.87","12","0.00",
"2029","盛餘","104,231","40","2,362,019","22.70","22.80","22.55","22.70","+","0.10","22.70","19","22.75","2","14.28",
"2030","彰源","380,714","177","4,113,421","11.00","11.00","10.65","10.80"," ","0.00","10.75","15","10.80","2","72.00",
"2031","新光鋼","841,395","308","16,178,160","19.20","19.35","19.15","19.20","-","0.15","19.20","15","19.25","5","16.00",
"2032","新鋼","232,480","77","2,807,081","12.30","12.30","11.90","12.15"," ","0.00","12.05","5","12.15","44","37.97",
"2033","佳大","25,748","9","260,480","10.15","10.15","10.10","10.10","-","0.05","10.05","8","10.10","2","0.00",
"2034","允強","2,557,037","1,053","74,265,659","29.60","29.60","28.80","29.00","-","0.20","29.00","169","29.05","24","14.22",
"2038","海光","45,000","17","410,180","9.12","9.13","9.11","9.11"," ","0.00","9.11","5","9.16","5","0.00",
"2049","上銀","2,032,282","1,653","595,079,690","295.50","296.50","289.50","295.00"," ","0.00","294.00","4","295.00","28","31.75",
"2059","川湖","537,740","488","225,775,209","408.00","425.00","408.00","419.00","+","12.00","418.50","2","419.50","2","28.58",
"2062","橋椿","3,874,815","2,408","217,204,199","57.50","57.50","55.20","55.80","-","1.60","55.80","27","55.90","7","10.05",
"2101","南港","7,050,403","2,268","254,410,300","34.50","36.70","34.30","36.70","+","2.40","36.70","677","--","0","66.73",
"2102","泰豐","1,841,442","913","40,681,180","22.00","22.30","21.80","22.05","+","0.15","22.05","8","22.10","10","14.23",
"2103","台橡","1,973,505","1,305","90,980,962","45.40","46.45","45.35","46.45","+","1.25","46.45","42","46.50","104","24.45",
"2104","國際中橡","566,878","287","16,462,662","29.00","29.15","28.95","29.00","+","0.05","29.00","78","29.05","64","19.33",
"2105","正新","6,064,743","2,948","517,802,605","84.90","86.10","84.80","85.10","+","0.10","85.10","63","85.20","20","14.88",
"2106","建大","2,258,092","1,277","160,981,948","71.00","71.80","70.80","71.70","+","0.50","71.50","2","71.70","54","16.91",
"2107","厚生","1,891,045","582","53,469,464","28.50","28.50","28.20","28.20"," ","0.00","28.20","237","28.35","5","7.29",
"2108","南帝","229,650","80","4,321,781","18.90","19.00","18.80","18.90","-","0.10","18.90","12","18.95","2","23.33",
"2109","華豐","384,646","152","8,191,092","21.40","21.45","21.10","21.30"," ","0.00","21.30","68","21.35","3","21.96",
"2114","鑫永銓","370,021","267","35,602,441","93.60","97.90","93.50","97.00","+","4.00","97.00","2","97.10","4","13.64",
"2115","六暉-KY","299,274","168","13,260,348","43.90","44.90","43.40","44.85","+","1.45","44.60","2","44.90","12","28.39",
"2201","裕隆","2,211,737","1,015","105,519,643","47.90","47.95","47.60","47.70"," ","0.00","47.65","128","47.70","61","31.38",
"2204","中華","439,150","251","12,214,787","27.90","27.90","27.60","27.70","+","0.10","27.70","287","27.80","10","15.14",
"2206","三陽工業","41,371,924","12,099","1,125,032,533","26.45","27.80","26.25","27.80","+","1.80","27.80","14,866","--","0","0.00",
"2207","和泰車","165,430","164","58,478,080","355.50","355.50","351.00","352.50","-","3.00","352.50","19","355.00","8","25.16",
"2208","台船","251,790","158","4,638,101","18.50","18.50","18.35","18.40"," ","0.00","18.40","2","18.45","5","31.19",
"2227","裕日車","346,110","321","128,460,410","375.00","376.00","370.00","373.00","-","2.00","373.00","8","373.50","1","15.33",
"2228","劍麟","2,292,971","1,169","277,204,945","114.50","122.50","114.50","122.50","+","8.00","122.50","1,087","--","0","26.34",
"2231","為升","1,312,588","1,061","338,565,204","273.00","273.00","252.50","256.00","-","15.50","256.00","5","256.50","3","43.10",
"2301","光寶科","2,126,839","936","98,845,203","46.60","46.70","46.00","46.70","+","0.05","46.55","22","46.70","23","12.26",
"2302","麗正","297,197","99","2,139,796","7.17","7.25","7.17","7.19","+","0.02","7.18","9","7.19","1","44.94",
"2303","聯電","42,988,267","4,874","558,827,871","13.00","13.05","12.90","13.05","+","0.10","13.00","1,594","13.05","3,341","22.50",
"2305","全友","290,669","105","1,196,361","4.09","4.15","4.07","4.14","+","0.05","4.13","5","4.14","125","0.00",
"2308","台達電","1,888,346","1,464","355,458,714","189.00","189.50","186.50","189.50","+","1.00","188.50","2","189.50","9","25.44",
"2311","日月光","19,696,886","5,342","680,272,179","34.50","35.15","34.15","34.95","+","0.60","34.90","1","34.95","107","17.05",
"2312","金寶","3,083,799","1,010","35,219,499","11.45","11.50","11.35","11.40"," ","0.00","11.40","107","11.45","13","0.00",
"2313","華通","62,756,319","12,628","1,330,539,126","20.50","21.75","20.25","21.75","+","1.35","21.70","74","21.75","283","13.94",
"2314","台揚","661,376","351","10,795,719","16.50","16.50","16.20","16.30","-","0.20","16.30","52","16.40","20","0.00",
"2316","楠梓電","3,367,720","1,117","55,137,901","16.20","16.50","16.05","16.40","+","0.25","16.40","13","16.45","27","19.07",
"2317","鴻海","16,951,496","7,611","1,509,852,481","89.00","89.50","88.50","89.00","+","0.30","89.00","303","89.10","264","10.95",
"2321","東訊","175,270","44","548,965","3.10","3.14","3.10","3.14","+","0.08","3.14","57","3.15","10","314.00",
"2323","中環","7,655,027","965","35,621,944","4.65","4.69","4.63","4.64","-","0.01","4.64","411","4.65","42","0.00",
"2324","仁寶","5,643,324","1,817","123,546,095","21.95","22.00","21.75","21.95","+","0.05","21.90","80","21.95","72","38.51",
"2325","矽品","9,678,522","4,020","430,690,578","44.80","44.90","44.30","44.50","+","0.70","44.45","6","44.50","507","23.54",
"2327","國巨","10,644,392","2,277","160,490,065","15.00","15.20","14.90","14.90"," ","0.00","14.90","327","14.95","4","15.68",
"2328","廣宇","748,873","345","16,811,154","22.40","22.55","22.35","22.40","-","0.05","22.40","72","22.45","26","35.56",
"2329","華泰","6,163,875","1,043","53,693,059","8.58","8.90","8.55","8.87","+","0.29","8.86","6","8.87","35","0.00",
"2330","台積電","27,525,257","5,217","3,247,099,826","117.00","119.00","116.50","118.00","+","1.00","118.00","224","118.50","5,810","16.25",
"2331","精英","3,948,615","1,056","92,144,709","23.20","23.40","23.20","23.40","+","0.30","23.35","97","23.40","43","4.74",
"2332","友訊","1,518,920","598","30,228,962","19.75","20.00","19.75","19.85","+","0.10","19.85","109","19.90","64","18.73",
"2337","旺宏","13,140,922","3,250","91,248,477","6.92","7.02","6.86","6.90","-","0.01","6.90","301","6.91","101","0.00",
"2338","光罩","923,464","281","9,847,840","10.65","10.75","10.60","10.65","+","0.05","10.60","18","10.65","4","62.65",
"2340","台亞","2,539,342","762","37,933,204","14.85","15.05","14.75","15.05","+","0.25","15.00","199","15.05","4","19.55",
"2342","茂矽","1,147,599","331","7,098,980","6.18","6.23","6.17","6.17"," ","0.00","6.17","9","6.18","5","0.00",
"2344","華邦電","83,354,305","13,860","831,482,183","10.05","10.20","9.80","9.85","-","0.11","9.85","1,217","9.86","25","164.17",
"2345","智邦","5,547,635","1,626","100,844,760","17.90","18.45","17.90","18.30","+","0.30","18.25","43","18.30","175","17.26",
"2347","聯強","7,094,214","3,017","341,945,698","48.10","48.70","47.85","47.85","+","0.20","47.85","33","47.90","204","14.41",
"2348","海悅","8","1","416","--","--","--","--"," ","0.00","--","0","57.00","3","13.92",
"2349","錸德","4,414,569","927","20,835,073","4.72","4.76","4.70","4.71"," ","0.00","4.71","481","4.73","36","0.00",
"2351","順德","382,000","169","17,213,000","45.10","45.40","44.80","45.10"," ","0.00","45.00","20","45.10","7","16.77",
"2352","佳世達","6,194,747","1,276","61,870,737","9.98","10.05","9.95","10.00","+","0.08","9.99","17","10.00","573","27.78",
"2353","宏碁","14,489,638","3,668","282,257,021","19.65","19.65","19.35","19.60","-","0.05","19.55","3","19.60","1,043","0.00",
"2354","鴻準","3,363,633","1,964","252,112,942","75.50","75.80","74.50","74.70","-","0.70","74.70","22","74.80","21","13.88",
"2355","敬鵬","2,539,727","1,013","150,012,795","59.60","59.60","58.60","58.80","-","0.70","58.80","10","58.90","1","13.39",
"2356","英業達","29,549,393","9,243","776,923,825","27.10","27.20","26.00","26.10","-","1.10","26.10","91","26.15","302","13.25",
"2357","華碩","6,799,675","4,269","2,261,331,600","330.00","336.50","329.50","333.00","+","5.50","332.50","74","333.00","40","11.53",
"2358","廷鑫","4,915,775","1,478","95,174,344","19.40","19.90","18.90","19.20"," ","0.00","19.15","17","19.20","5","0.00",
"2359","所羅門","5,873,873","1,965","127,340,368","21.40","22.40","20.65","22.20","+","1.20","22.15","6","22.20","74","46.25",
"2360","致茂","1,135,061","807","87,375,969","78.30","78.30","76.20","76.60","-","1.00","76.50","42","76.60","4","23.86",
"2361","鴻友","37,307","23","88,133","2.22","2.40","2.22","2.40","+","0.15","2.35","1","--","0","0.00",
"2362","藍天","948,821","618","53,188,309","55.90","56.40","55.70","56.10","+","0.20","56.10","5","56.30","3","12.38",
"2363","矽統","2,879,222","1,070","25,563,958","8.83","9.00","8.75","8.98","+","0.39","8.96","62","8.98","4","0.00",
"2364","倫飛","1,333,977","330","8,116,626","6.20","6.20","6.05","6.12","+","0.02","6.09","3","6.12","3","0.00",
"2365","昆盈","574,009","220","7,513,267","13.10","13.15","13.00","13.10","+","0.05","13.05","41","13.10","1","1,310.00",
"2367","燿華","5,877,376","1,651","73,908,000","12.40","12.75","12.25","12.60","+","0.35","12.60","18","12.65","155","28.64",
"2368","金像電","3,091,028","806","25,445,237","8.28","8.31","8.17","8.19","-","0.02","8.19","70","8.20","7","0.00",
"2369","菱生","2,277,948","933","44,791,119","19.85","19.95","19.50","19.60","-","0.25","19.60","196","19.65","6","20.21",
"2371","大同","9,174,408","1,426","89,782,790","9.84","9.88","9.74","9.80","-","0.02","9.79","10","9.80","7","0.00",
"2373","震旦行","145,045","91","7,962,755","55.10","55.20","54.70","55.00"," ","0.00","55.00","49","55.10","12","14.29",
"2374","佳能","4,389,341","1,242","88,870,309","19.95","20.45","19.65","20.45","+","1.30","20.45","8,695","--","0","18.94",
"2375","凱美","2,685,828","885","37,263,717","14.00","14.15","13.80","13.85","-","0.30","13.80","71","13.85","18","3.14",
"2376","技嘉","1,663,567","913","80,131,861","47.40","48.70","47.40","48.50","+","1.10","48.40","1","48.50","2","12.90",
"2377","微星","5,602,498","2,304","196,164,404","34.80","35.50","34.30","34.60","-","0.20","34.60","66","34.65","6","14.79",
"2379","瑞昱","3,083,676","1,786","277,765,491","90.80","90.80","89.20","90.10"," ","0.00","90.00","26","90.10","15","14.99",
"2380","虹光","632,485","219","6,571,793","10.45","10.45","10.30","10.40","+","0.10","10.40","26","10.45","21","0.00",
"2382","廣達","4,265,649","2,422","343,991,826","80.10","81.50","79.30","81.50","+","1.30","81.30","32","81.50","22","16.87",
"2383","台光電","621,311","313","16,942,888","27.30","27.40","27.15","27.30","+","0.15","27.30","21","27.35","60","10.19",
"2384","勝華","65,922,836","9,657","699,149,356","10.30","10.85","10.15","10.80","+","0.65","10.75","753","10.80","1,774","0.00",
"2385","群光","2,006,444","1,454","157,660,270","78.10","79.20","77.90","78.50","+","0.40","78.50","18","78.60","7","13.49",
"2387","精元","438,977","200","5,798,196","13.25","13.35","13.10","13.15","-","0.10","13.15","55","13.20","16","43.83",
"2388","威盛","3,686,405","1,688","90,681,228","24.95","24.95","24.10","24.35","+","0.80","24.35","27","24.55","2","0.00",
"2390","云辰","18,930,920","8,239","897,276,655","46.00","48.50","45.55","48.50","+","3.15","48.50","1,855","--","0","202.08",
"2392","正崴","1,232,249","984","74,725,850","60.50","61.00","60.10","60.70","+","0.40","60.70","3","60.80","1","14.70",
"2393","億光","2,401,709","1,331","174,349,665","72.00","73.10","71.70","72.70","+","1.00","72.60","29","72.70","21","20.95",
"2395","研華","100,154","102","19,840,492","198.50","198.50","197.50","198.00","-","0.50","198.00","18","199.00","4","27.35",
"2397","友通","193,100","101","7,399,314","38.15","38.60","38.10","38.30","+","0.15","38.25","4","38.30","2","17.33",
"2399","映泰","189,130","69","2,379,475","12.60","12.65","12.50","12.60"," ","0.00","12.55","51","12.60","1","18.26",
"2401","凌陽","1,702,797","617","20,011,934","11.85","11.90","11.70","11.70","-","0.10","11.70","71","11.75","2","130.00",
"2402","毅嘉","20,699,227","8,233","773,824,872","36.25","38.35","36.00","38.35","+","2.50","38.35","14,794","--","0","34.55",
"2404","漢唐","406,144","206","13,853,017","34.30","34.30","33.90","34.15","+","0.05","34.10","30","34.15","20","7.22",
"2405","輔信","2,401,511","660","28,820,832","11.90","12.10","11.90","12.00","+","0.10","12.00","153","12.05","133","8.76",
"2406","國碩","6,458,933","2,675","241,473,572","37.45","37.80","36.90","37.00","-","0.20","37.00","35","37.05","3","0.00",
"2408","南亞科","25,442,836","1,344","142,474,777","5.46","5.70","5.45","5.68","+","0.22","5.68","40","5.69","320","16.71",
"2409","友達","43,261,196","5,493","503,525,891","11.70","11.75","11.55","11.60","-","0.10","11.60","1,166","11.65","200","26.98",
"2412","中華電","3,906,269","1,819","367,390,771","94.00","94.20","93.90","94.00"," ","0.00","94.00","748","94.10","294","18.36",
"2413","環科","588,264","234","9,464,009","16.20","16.25","15.95","16.00","-","0.10","16.00","11","16.05","2","0.00",
"2414","精技","343,731","196","5,640,237","16.45","16.50","16.35","16.40"," ","0.00","16.40","43","16.45","9","16.91",
"2415","錩新","922,146","410","18,688,083","20.05","20.60","19.70","20.20"," ","0.00","20.20","112","20.30","1","22.44",
"2417","圓剛","396,807","173","5,001,207","12.50","12.75","12.40","12.75","+","0.25","12.70","2","12.75","13","0.00",
"2419","仲琦","6,504,483","1,972","121,136,984","18.35","18.85","18.10","18.35","-","0.15","18.35","26","18.40","15","52.43",
"2420","新巨","1,171,253","791","64,856,457","56.00","56.20","54.70","54.70","-","1.50","54.60","26","54.70","8","16.73",
"2421","建準","5,274,560","1,941","123,065,291","23.80","24.10","22.90","23.20","-","0.55","23.20","57","23.25","17","19.02",
"2423","固緯","53,228","40","1,079,603","20.20","20.40","20.20","20.20","+","0.05","20.20","13","20.35","2","20.20",
"2424","隴華","9,005","10","370,802","41.95","41.95","40.15","41.50","-","0.50","40.50","1","41.30","1","5.87",
"2425","承啟","2,622,017","1,357","119,547,639","44.00","46.65","43.20","45.90","+","2.30","45.90","39","46.20","3","12.34",
"2426","鼎元","1,047,684","438","10,681,912","10.15","10.30","10.05","10.15"," ","0.00","10.15","42","10.20","11","0.00",
"2427","三商電","944,909","264","8,582,475","8.94","9.27","8.90","9.19","+","0.25","9.16","3","9.19","2","0.00",
"2428","興勤","310,852","167","15,578,925","50.30","50.60","49.65","50.40","+","0.40","50.20","11","50.40","9","12.57",
"2429","銘旺科","2,009","3","39,372","19.30","19.90","19.30","19.90"," ","0.00","19.30","1","19.90","1","0.00",
"2430","燦坤","923,025","496","40,145,123","43.40","43.65","43.30","43.65","+","0.30","43.65","14","43.70","28","14.04",
"2431","聯昌","3,851,167","1,770","105,391,670","27.00","27.70","26.80","27.15","+","0.20","27.15","13","27.20","7","53.24",
"2433","互盛電","221,800","121","11,092,229","50.20","50.30","49.90","50.00"," ","0.00","50.00","20","50.20","8","9.01",
"2434","統懋","174,120","78","1,218,888","7.10","7.10","6.80","6.91","+","0.27","6.91","1","6.92","1","0.00",
"2436","偉詮電","4,933,855","2,027","147,023,581","29.65","30.10","29.20","29.75","+","0.10","29.75","87","29.80","11","52.19",
"2437","旺詮","244,467","162","14,366,758","58.90","59.30","58.00","58.80","+","1.10","58.70","2","58.80","28","12.51",
"2438","翔耀","58,717","38","476,393","8.17","8.45","7.71","7.71","-","0.57","7.71","11","8.40","5","0.00",
"2439","美律","2,956,770","2,204","502,411,242","169.00","172.00","168.00","168.50","+","1.00","168.50","19","169.00","10","28.80",
"2440","太空梭","100,035","55","1,270,436","12.75","13.00","12.50","12.60","-","0.15","12.60","1","12.70","1","0.00",
"2441","超豐","2,355,194","982","89,399,822","38.20","38.20","37.75","38.00","-","0.20","38.00","34","38.05","57","13.38",
"2442","新美齊","181,533","50","1,625,657","9.06","9.06","8.93","9.00"," ","0.00","8.99","5","9.00","39","14.06",
"2443","昶虹","3,225,787","762","37,151,519","11.00","11.65","10.95","11.65","+","0.75","11.65","139","--","0","2.65",
"2444","兆勁","906,846","303","9,259,277","9.95","10.45","9.95","10.40","+","0.15","10.40","17","10.45","103","0.00",
"2448","晶電","3,303,722","1,752","225,881,932","68.20","68.70","67.90","68.20","+","0.20","68.20","42","68.40","14","1,705.00",
"2449","京元電子","11,799,752","5,256","289,381,815","23.95","24.90","23.85","24.50","+","0.70","24.50","2","24.60","23","16.12",
"2450","神腦","144,100","130","11,491,870","80.40","80.40","79.60","79.60","-","0.50","79.60","12","79.90","1","14.37",
"2451","創見","376,429","235","37,451,540","100.50","100.50","99.10","99.50","-","0.40","99.50","16","99.60","11","13.39",
"2453","凌群","388,432","148","6,190,133","15.95","16.10","15.75","16.05","+","0.25","16.00","14","16.05","5","16.89",
"2454","聯發科","8,127,715","5,667","4,153,598,335","514.00","519.00","506.00","509.00","-","4.00","509.00","18","510.00","47","24.83",
"2455","全新","3,767,283","1,506","123,604,100","32.85","33.10","32.55","32.85"," ","0.00","32.85","32","32.90","47","20.15",
"2456","奇力新","1,094,160","628","27,046,920","25.00","25.00","24.55","24.65","-","0.35","24.65","8","24.80","4","12.84",
"2457","飛宏","911,894","412","18,674,932","20.70","20.70","20.30","20.40","-","0.30","20.40","28","20.45","5","37.09",
"2458","義隆","7,059,532","4,022","404,904,478","57.00","57.90","57.00","57.00","+","0.50","57.00","104","57.20","2","15.04",
"2459","敦吉","193,375","127","5,704,896","29.40","29.75","29.30","29.75","+","0.45","29.50","1","29.80","4","10.74",
"2460","建通","79,002","30","980,924","12.30","12.50","12.30","12.40","+","0.10","12.40","33","12.50","11","137.78",
"2461","光群雷","751,409","306","12,227,944","16.30","16.40","16.20","16.30"," ","0.00","16.30","22","16.35","15","11.40",
"2462","良得電","1,594,653","770","47,773,666","28.90","30.55","28.85","30.00","+","1.10","29.95","16","30.05","6","13.57",
"2464","盟立","548,019","207","15,363,982","28.00","28.25","27.95","27.95","-","0.05","27.95","7","28.00","76","14.71",
"2465","麗臺","332,991","106","4,494,924","13.70","13.70","13.35","13.50","-","0.20","13.40","18","13.50","109","0.00",
"2466","冠西電","106,215","80","3,987,648","37.30","37.70","37.30","37.50","-","0.05","37.40","3","37.50","3","0.00",
"2467","志聖","1,741,017","675","49,577,777","28.60","29.10","28.30","28.40","-","0.30","28.40","48","28.50","26","15.78",
"2468","華經","149,397","80","2,046,768","13.55","13.80","13.50","13.75","+","0.20","13.75","8","13.80","24","31.25",
"2471","資通","163,005","84","3,009,540","18.45","18.60","18.40","18.45","-","0.10","18.45","8","18.55","2","17.08",
"2472","立隆電","1,331,902","353","40,128,639","30.25","30.45","29.90","30.25"," ","0.00","30.20","1","30.25","17","12.55",
"2474","可成","8,604,119","5,089","2,322,203,773","273.00","273.50","267.00","267.00","-","3.00","267.00","121","267.50","18","14.53",
"2475","華映","3,231,255","262","6,213,638","1.94","1.94","1.92","1.92","+","0.01","1.91","263","1.92","1,125","0.00",
"2476","鉅祥","223,516","104","5,141,318","22.90","23.15","22.80","23.10","+","0.10","23.10","5","23.15","18","16.38",
"2477","美隆電","174,229","94","3,155,022","18.30","18.30","18.05","18.15","-","0.10","18.05","28","18.15","19","3.96",
"2478","大毅","176,012","100","3,012,604","16.80","17.30","16.80","17.20","+","0.40","17.15","5","17.20","2","55.48",
"2480","敦陽科","217,667","173","6,350,273","29.05","29.25","29.05","29.20","+","0.15","29.20","7","29.25","1","14.53",
"2481","強茂","1,764,698","618","25,287,550","14.05","14.55","14.00","14.40","+","0.45","14.30","30","14.40","49","0.00",
"2482","連宇","280,500","116","4,008,149","14.10","14.50","14.10","14.45","+","0.55","14.25","1","14.50","21","0.00",
"2483","百容","159,500","104","3,460,750","21.70","21.90","21.55","21.65","-","0.05","21.65","2","21.70","1","19.68",
"2484","希華","1,392,232","457","24,801,529","17.80","17.95","17.60","17.65","-","0.15","17.65","12","17.70","2","20.06",
"2485","兆赫","1,218,727","596","39,615,233","32.60","32.65","32.35","32.45","+","0.10","32.45","71","32.60","8","13.30",
"2486","一詮","1,956,300","594","42,838,500","22.00","22.25","21.65","21.80"," ","0.00","21.80","3","21.90","5","20.57",
"2488","漢平","695,218","370","21,323,330","30.90","30.95","30.55","30.55","-","0.45","30.55","20","30.65","2","8.91",
"2489","瑞軒","2,015,897","681","42,747,405","21.25","21.30","21.05","21.25"," ","0.00","21.20","84","21.25","28","15.18",
"2491","吉祥全","15,199","18","64,563","4.29","4.30","4.13","4.27","+","0.05","4.16","1","4.29","1","0.00",
"2492","華新科","1,525,148","469","13,976,599","9.19","9.22","9.13","9.15","-","0.02","9.15","33","9.17","1","0.00",
"2493","揚博","1,870,768","698","51,157,011","27.30","27.65","27.15","27.20","+","0.05","27.20","13","27.25","13","11.98",
"2495","普安","633,626","260","11,958,616","19.10","19.15","18.75","18.80","-","0.30","18.80","2","18.90","11","110.59",
"2496","卓越","5,000","1","26,500","5.30","5.30","5.30","5.30","-","0.03","5.07","1","5.65","3","0.00",
"2497","怡利電","4,656,859","2,754","365,721,797","76.60","79.50","76.50","78.30","+","4.00","78.30","5","78.40","7","26.10",
"2498","宏達電","40,261,474","23,988","7,035,282,147","172.50","180.00","169.50","175.00","+","6.00","175.00","214","175.50","104","0.00",
"2499","東貝","2,431,821","1,142","92,977,318","37.65","38.60","37.65","38.45","+","0.05","38.40","1","38.45","5","59.15",
"2501","國建","981,670","408","17,296,672","17.70","17.85","17.55","17.60"," ","0.00","17.55","146","17.60","25","17.25",
"2504","國產","1,824,539","784","19,320,105","10.60","10.70","10.55","10.65","+","0.05","10.60","94","10.65","92","17.18",
"2505","國揚","534,668","197","8,272,228","15.35","15.60","15.35","15.50"," ","0.00","15.50","80","15.55","17","4.63",
"2506","太設","485,179","109","4,419,897","9.07","9.19","9.06","9.11","+","0.20","9.11","4","9.13","1","5.09",
"2509","全坤建","75,000","25","1,907,400","25.40","25.55","25.35","25.50","+","0.10","25.50","11","25.55","5","9.77",
"2511","太子","1,529,512","535","21,395,568","13.95","14.05","13.95","14.00","+","0.05","14.00","71","14.05","10","10.77",
"2514","龍邦","334,257","126","6,391,083","19.25","19.40","18.90","19.10","-","0.15","19.10","41","19.20","1","38.20",
"2515","中工","1,380,974","293","10,949,672","7.90","7.97","7.90","7.95","+","0.02","7.94","20","7.95","3","46.76",
"2516","新建","119,502","60","930,909","7.78","7.82","7.75","7.78"," ","0.00","7.78","57","7.82","5","0.00",
"2520","冠德","723,020","393","22,626,280","31.25","31.40","31.10","31.35","+","0.10","31.30","8","31.35","7","12.95",
"2524","京城","96,891","47","2,442,005","25.20","25.40","25.15","25.15","-","0.15","25.15","20","25.30","13","6.05",
"2527","宏璟","552,684","123","8,809,456","15.90","16.20","15.80","15.90","-","0.20","15.90","3","16.05","8","12.62",
"2528","皇普","166,060","49","2,478,300","15.15","15.15","14.80","15.00","-","0.15","14.80","1","15.00","5","11.03",
"2530","華建","1,963,139","617","33,012,383","17.00","17.30","16.50","16.75","-","0.50","16.75","20","16.80","85","0.00",
"2534","宏盛","1,036,048","445","20,937,264","19.70","20.50","19.70","20.30","+","0.55","20.30","27","20.35","41","0.00",
"2535","達欣工","205,211","107","5,826,362","28.30","28.50","28.25","28.45","+","0.15","28.40","18","28.45","12","7.01",
"2536","宏普","194,570","120","5,199,532","27.00","27.00","26.60","27.00","+","0.05","27.00","4","27.05","14","9.75",
"2537","聯上發","55,732","33","771,401","13.80","13.90","13.75","13.80","+","0.05","13.80","7","13.90","1","4.23",
"2538","基泰","1,018,968","270","21,342,629","20.80","21.10","20.75","21.00","+","0.20","21.00","41","21.05","34","9.59",
"2539","櫻花建","0","0","0","--","--","--","--"," ","0.00","38.70","2","39.30","7","7.46",
"2540","愛山林","1,000","1","55,600","55.60","55.60","55.60","55.60","-","3.90","55.40","3","62.50","1","26.86",
"2542","興富發","759,363","526","52,078,195","68.80","69.00","68.00","68.60","-","0.20","68.60","48","68.70","3","6.32",
"2543","皇昌","183,999","61","1,435,363","7.89","7.89","7.76","7.84","+","0.02","7.80","8","7.84","3","5.33",
"2545","皇翔","416,215","251","19,569,847","47.05","47.45","46.80","47.00","-","0.05","46.90","3","47.00","7","9.33",
"2546","根基","19,055","21","320,620","16.80","16.85","16.80","16.85","+","0.05","16.85","1","16.90","3","10.03",
"2547","日勝生","7,406,286","2,759","167,995,771","22.95","23.05","22.45","22.45","-","0.50","22.40","124","22.45","6","1.90",
"2548","華固","343,254","264","25,560,319","74.20","74.60","74.10","74.60","+","0.70","74.60","1","74.70","2","6.73",
"2597","潤弘","249,214","156","17,279,770","69.50","69.50","69.20","69.30","-","0.20","69.30","54","69.50","25","8.39",
"2601","益航","1,232,104","774","22,188,980","17.70","18.20","17.55","18.20","+","0.50","18.20","14","18.25","48","0.00",
"2603","長榮","2,382,816","795","41,320,766","17.35","17.45","17.30","17.35"," ","0.00","17.30","90","17.35","375","0.00",
"2605","新興","690,561","322","18,134,297","26.30","26.40","26.15","26.25","-","0.05","26.25","7","26.30","70","13.60",
"2606","裕民","407,488","221","20,480,791","50.20","50.40","50.10","50.20"," ","0.00","50.20","73","50.40","17","27.43",
"2607","榮運","1,772,306","634","33,673,779","18.95","19.20","18.75","19.00","+","0.40","18.95","13","19.00","3","35.19",
"2608","嘉里大榮","102,310","65","3,795,420","37.00","37.45","36.90","37.20","+","0.20","37.20","2","37.30","2","20.33",
"2609","陽明","1,710,964","719","21,214,793","12.35","12.45","12.35","12.40"," ","0.00","12.40","216","12.45","45","0.00",
"2610","華航","3,301,386","479","33,542,710","10.15","10.20","10.10","10.15"," ","0.00","10.15","72","10.20","598","0.00",
"2611","志信","374,045","67","4,075,688","10.95","11.00","10.80","10.95","-","0.05","10.85","23","11.00","87","91.25",
"2612","中航","144,105","93","5,176,593","36.25","36.25","35.75","35.80","-","0.20","35.80","15","35.90","1","23.10",
"2613","中櫃","268,050","146","5,245,020","19.20","19.90","19.10","19.50","+","0.50","19.50","2","19.65","2","17.89",
"2614","東森","2,673,136","855","35,044,968","13.20","13.30","12.95","13.05","+","0.05","13.05","36","13.10","47","29.66",
"2615","萬海","2,577,537","1,289","38,985,879","15.15","15.25","15.05","15.10","-","0.05","15.05","346","15.10","121","15.73",
"2616","山隆","52,232","36","1,356,032","26.10","26.10","25.90","25.95","-","0.10","25.95","14","26.05","11","11.64",
"2617","台航","718,277","354","15,725,835","22.00","22.15","21.80","21.90","-","0.10","21.90","12","21.95","15","16.85",
"2618","長榮航","1,738,253","865","26,527,734","15.25","15.30","15.20","15.30","-","0.05","15.25","71","15.30","17","66.52",
"2637","慧洋-KY","383,500","268","14,032,673","36.75","36.80","36.50","36.60","-","0.15","36.55","9","36.60","13","11.47",
"2642","宅配通","118,216","94","6,183,464","51.80","52.80","51.80","52.40","+","0.50","52.40","4","52.60","4","27.01",
"2701","萬企","5,109","9","74,839","14.65","14.70","14.60","14.65","-","0.05","14.65","4","14.70","32","26.16",
"2702","華園","9,100","8","161,019","17.85","17.85","17.65","17.65"," ","0.00","17.60","6","17.70","4","40.11",
"2704","國賓","266,843","79","7,415,470","27.75","27.90","27.70","27.90","+","0.15","27.80","15","27.90","13","28.76",
"2705","六福","262,961","106","3,013,748","11.50","11.50","11.40","11.50","+","0.05","11.45","2","11.50","23","0.00",
"2706","第一店","100,776","61","1,910,044","19.00","19.05","18.80","19.05","+","0.05","18.95","9","19.05","11","23.23",
"2707","晶華","125,210","123","44,346,840","356.00","356.00","352.00","356.00"," ","0.00","353.50","13","356.00","4","33.40",
"2712","遠雄來","108,015","42","2,383,780","21.80","22.70","21.80","22.00","+","0.20","21.95","7","22.15","1","35.48",
"2722","夏都","13,050","7","532,744","40.80","40.90","40.80","40.90","+","0.20","40.90","2","40.95","2","24.49",
"2723","美食-KY","192,263","177","46,422,620","249.00","251.00","239.00","239.00","-","7.00","239.00","21","240.00","22","58.72",
"2727","王品","277,556","289","123,706,420","449.50","449.50","443.00","443.00","X","0.00","443.00","4","445.00","8","32.48",
"2731","雄獅","65,300","66","7,274,300","113.00","113.00","111.00","111.50","-","1.00","111.50","4","112.00","6","21.00",
"2801","彰銀","7,532,507","1,286","131,809,652","17.55","17.60","17.40","17.60","+","0.10","17.55","4","17.60","117","15.44",
"2809","京城銀","3,111,593","760","89,739,711","28.90","29.00","28.65","28.85","+","0.10","28.85","10","28.90","46","7.99",
"2812","台中銀","4,065,112","475","41,074,868","10.10","10.15","10.00","10.15","+","0.10","10.15","98","10.20","1,352","8.39",
"2816","旺旺保","335,388","180","6,735,460","19.50","20.45","19.50","20.30","+","0.80","20.15","23","20.30","1","7.84",
"2820","華票","1,675,466","394","19,589,372","11.70","11.75","11.65","11.65","-","0.05","11.65","1,338","11.70","2","11.20",
"2823","中壽","14,482,564","4,945","386,909,224","26.20","27.20","26.10","27.10","+","0.90","27.05","53","27.10","247","15.57",
"2832","台產","179,487","87","4,179,943","23.35","23.35","23.20","23.30","-","0.05","23.25","25","23.35","32","9.91",
"2833","台壽保","3,533,405","1,034","80,382,195","22.85","22.95","22.60","22.75","-","0.10","22.75","64","22.80","81","45.50",
"2833A","台壽甲","26,000","4","960,700","36.95","36.95","36.95","36.95"," ","0.00","36.90","25","36.95","24","0.00",
"2834","臺企銀","5,714,294","1,074","50,521,911","8.86","8.88","8.80","8.88","+","0.04","8.87","62","8.88","124","12.51",
"2836","高雄銀","273,326","99","2,576,624","9.41","9.48","9.39","9.48","+","0.08","9.46","9","9.49","15","16.34",
"2837","萬泰銀","195,424","42","2,916,794","14.90","14.95","14.90","14.95","+","0.05","14.90","278","15.00","129","7.48",
"2838","聯邦銀","468,311","253","5,031,874","10.70","10.80","10.65","10.80","+","0.10","10.75","60","10.80","40","8.37",
"2841","台開","1,921,611","396","21,438,952","11.05","11.25","11.00","11.25","+","0.20","11.20","495","11.25","184","8.33",
"2845","遠東銀","3,536,578","582","37,763,507","10.60","10.80","10.55","10.75","+","0.15","10.75","73","10.80","746","8.27",
"2847","大眾銀","2,212,092","537","22,152,185","10.00","10.10","9.94","10.05","+","0.05","10.00","546","10.05","60","8.82",
"2849","安泰銀","6,598,200","29","89,408,110","13.55","13.60","13.50","13.60","+","0.05","13.55","17","13.60","17","9.19",
"2850","新產","181,250","78","4,316,312","23.80","23.95","23.70","23.85","+","0.05","23.75","24","23.85","1","7.74",
"2851","中再保","129,645","63","2,118,242","16.25","16.45","16.25","16.40"," ","0.00","16.35","6","16.40","13","12.62",
"2852","第一保","353,969","152","6,642,659","18.90","18.90","18.70","18.80","-","0.10","18.75","7","18.80","2","8.03",
"2855","統一證","299,759","140","4,973,841","16.45","16.70","16.45","16.70","+","0.25","16.65","2","16.70","16","16.21",
"2856","元富證","652,797","178","6,522,870","9.95","10.05","9.90","10.05","+","0.11","10.00","40","10.05","163","18.27",
"2867","三商壽","1,856,314","776","31,610,613","16.85","17.25","16.80","17.20","+","0.35","17.20","6","17.25","110","8.64",
"2880","華南金","3,221,637","896","55,386,953","17.20","17.30","17.10","17.25","+","0.05","17.20","109","17.25","93","15.54",
"2881","富邦金","18,776,234","6,659","744,425,846","39.15","40.25","38.85","40.15","+","1.00","40.10","20","40.15","38","12.55",
"2882","國泰金","34,134,581","11,275","1,487,084,913","42.30","44.50","42.10","44.35","+","2.05","44.30","6","44.35","152","18.40",
"2883","開發金","25,110,255","4,504","218,472,272","8.69","8.79","8.60","8.78","+","0.10","8.77","556","8.78","744","15.68",
"2884","玉山金","24,632,216","5,813","455,412,536","18.50","18.85","18.20","18.60","+","0.10","18.55","43","18.60","308","12.24",
"2885","元大金","12,447,255","2,622","187,753,184","15.05","15.20","14.95","15.20","+","0.15","15.15","1,211","15.20","1,174","19.49",
"2886","兆豐金","18,046,552","3,686","419,297,403","23.10","23.50","23.00","23.45","+","0.35","23.40","13","23.45","56","12.96",
"2887","台新金","25,759,639","4,604","360,717,946","13.95","14.10","13.90","14.10","+","0.20","14.05","380","14.10","2,806","8.39",
"2888","新光金","17,106,877","2,749","157,634,577","9.12","9.28","9.12","9.24","+","0.12","9.24","826","9.25","2","8.64",
"2889","國票金","846,548","239","7,947,219","9.42","9.42","9.35","9.42","-","0.02","9.41","58","9.42","38","18.12",
"2890","永豐金","36,960,263","6,730","482,531,951","13.15","13.20","12.90","13.10","-","0.05","13.05","787","13.10","445","10.00",
"2891","中信金","23,788,474","6,947","433,800,725","18.15","18.40","18.05","18.40","+","0.30","18.35","259","18.40","381","12.60",
"2892","第一金","5,193,295","1,606","93,012,213","17.90","18.00","17.80","17.95","+","0.05","17.90","612","17.95","116","14.25",
"2901","欣欣","30,000","25","1,048,800","35.00","35.15","34.85","34.85","-","0.15","34.85","2","35.10","3","69.70",
"2903","遠百","1,054,050","590","29,257,766","27.60","27.90","27.60","27.80","+","0.10","27.75","118","27.80","12","18.05",
"2904","匯僑","110,200","68","2,951,750","26.80","26.85","26.70","26.80","+","0.10","26.80","2","26.85","16","12.18",
"2905","三商","251,558","147","5,066,960","20.15","20.25","20.05","20.10"," ","0.00","20.10","45","20.15","25","14.06",
"2906","高林","1,892,731","367","22,139,047","11.40","12.00","11.40","11.70","+","0.30","11.70","15","11.80","9","24.38",
"2908","特力","713,973","185","15,387,258","21.60","21.70","21.45","21.65","-","0.05","21.50","30","21.70","45","16.65",
"2910","統領","13,000","12","420,400","32.30","32.70","32.20","32.20","-","0.10","32.20","1","32.45","1","56.49",
"2911","麗嬰房","728,421","477","14,601,170","20.05","20.30","20.00","20.00","-","0.05","20.00","2","20.05","40","0.00",
"2912","統一超","459,728","406","101,981,116","222.50","224.00","221.00","222.00","-","2.00","221.50","48","222.00","54","28.72",
"2913","農林","9,101,657","2,483","180,145,074","19.00","20.15","18.90","20.15","+","1.30","20.15","14,034","--","0","14.09",
"2915","潤泰全","1,638,198","914","119,086,485","71.60","73.00","71.60","73.00","+","1.40","72.70","1","73.00","228","1.50",
"2923","鼎固-KY","62,015","42","1,312,468","21.10","21.40","21.05","21.15","-","0.25","21.15","1","21.20","2","28.20",
"2929","淘帝-KY","380,570","313","65,164,895","174.00","174.00","168.00","171.50","-","2.50","171.50","4","172.00","6","13.98",
"3002","歐格","376,000","172","6,757,200","18.10","18.15","17.75","18.00","+","0.10","17.95","14","18.00","20","36.00",
"3003","健和興","5,056,450","2,469","277,929,190","55.00","56.00","53.80","54.20"," ","0.00","54.20","32","54.30","5","24.20",
"3004","豐達科","948,500","660","61,839,349","65.00","66.60","63.00","63.00","-","0.10","62.80","11","63.00","22","23.77",
"3005","神基","1,611,947","651","26,308,580","16.35","16.45","16.20","16.35","+","0.25","16.30","69","16.35","3","23.70",
"3006","晶豪科","18,430,765","8,752","1,075,361,107","57.80","59.60","56.60","57.80","+","0.30","57.80","34","57.90","15","21.89",
"3008","大立光","1,132,417","1,119","2,278,029,000","2,020.00","2,050.00","1,980.00","2,000.00","+","20.00","2,000.00","230","2,005.00","2","27.92",
"3010","華立","213,390","142","12,504,374","58.90","58.90","58.40","58.80","-","0.10","58.70","3","58.80","6","11.74",
"3011","今皓","4,465,081","1,294","51,108,939","11.00","11.60","10.95","11.60","+","0.75","11.60","136","--","0","0.00",
"3013","晟銘電","1,005,107","532","38,638,951","38.60","38.90","38.00","38.80","+","0.50","38.80","14","38.90","12","73.21",
"3014","聯陽","10,224,779","4,056","371,318,834","36.65","36.85","35.30","35.90","-","0.30","35.90","21","35.95","20","19.30",
"3015","全漢","813,156","400","26,360,411","32.65","32.75","32.15","32.15","-","0.25","32.15","9","32.30","1","14.82",
"3016","嘉晶","386,924","191","6,460,343","16.70","16.90","16.55","16.55"," ","0.00","16.55","5","16.65","1","0.00",
"3017","奇鋐","3,225,667","1,221","67,401,834","20.70","21.15","20.60","21.00","+","0.55","21.00","2","21.05","29","30.00",
"3018","同開","41,002","26","685,832","16.80","16.80","16.70","16.75","+","0.30","16.75","6","16.80","7","0.00",
"3019","亞光","560,292","308","17,298,021","30.70","31.00","30.65","30.95","+","0.35","30.95","11","31.00","9","0.00",
"3021","鴻名","82,000","34","1,012,900","12.55","12.55","12.20","12.20","-","0.30","12.20","9","12.25","18","27.11",
"3022","威強電","1,710,787","1,061","76,860,103","44.85","45.15","44.50","44.75","+","0.05","44.75","8","44.80","1","12.36",
"3023","信邦","1,049,558","606","47,397,891","45.10","45.40","44.90","45.10","-","0.05","45.10","50","45.20","16","14.14",
"3024","憶聲","176,462","69","1,067,472","6.08","6.09","6.02","6.05","-","0.01","6.04","30","6.05","1","0.00",
"3025","星通","109,002","59","1,238,822","11.30","11.40","11.30","11.40","+","0.10","11.40","3","11.45","8","20.00",
"3026","禾伸堂","329,239","190","13,613,225","41.00","41.65","41.00","41.15","+","0.15","41.15","18","41.30","1","13.23",
"3027","盛達","672,031","195","14,275,111","21.60","21.60","21.00","21.30","-","0.20","21.30","7","21.35","70","57.57",
"3028","增你強","238,426","111","4,255,151","17.90","17.90","17.80","17.80","-","0.10","17.80","60","17.85","27","16.48",
"3029","零壹","709,569","316","12,927,204","18.05","18.40","18.05","18.30","+","0.30","18.30","5","18.35","10","21.03",
"3030","德律","737,949","408","36,892,302","49.60","50.40","49.60","50.00","+","0.10","49.95","2","50.00","7","14.84",
"3031","佰鴻","452,439","169","7,270,814","16.20","16.20","15.95","16.15","+","0.15","16.15","166","16.20","16","100.94",
"3032","偉訓","623,392","277","15,921,438","25.65","25.80","25.25","25.25","-","0.35","25.20","23","25.30","8","52.60",
"3033","威健","419,080","215","10,175,083","24.20","24.45","24.15","24.35","+","0.15","24.30","16","24.35","30","11.27",
"3034","聯詠","10,571,140","5,129","1,569,552,860","147.50","151.50","144.50","150.00","+","2.50","150.00","267","150.50","60","19.23",
"3035","智原","1,383,200","845","57,740,787","41.80","41.95","41.45","41.80","+","0.10","41.80","71","41.85","3","20.90",
"3036","文曄","7,097,086","3,019","304,078,312","43.50","44.00","41.90","42.00","-","1.50","42.00","29","42.05","35","10.88",
"3037","欣興","26,900,238","8,510","756,211,528","27.90","28.40","27.45","28.30","+","0.65","28.30","84","28.35","114","37.24",
"3038","全台","1,673,061","479","14,061,874","8.50","8.57","8.26","8.52","+","0.02","8.50","54","8.52","4","37.04",
"3040","遠見","165,466","94","4,475,961","27.40","27.40","26.90","26.90","-","0.50","26.90","13","27.00","10","76.86",
"3041","揚智","1,710,276","765","55,536,759","32.20","32.70","32.20","32.25","-","0.05","32.25","10","32.30","5","10.86",
"3042","晶技","13,560,030","6,596","615,727,351","45.30","46.25","44.30","45.45","+","0.45","45.45","9","45.50","102","15.05",
"3043","科風","122,782","45","584,934","4.76","4.80","4.75","4.75","+","0.07","4.75","4","4.77","1","0.00",
"3044","健鼎","1,636,800","830","98,359,139","60.30","60.40","59.50","60.30","+","0.10","60.20","1","60.30","30","13.34",
"3045","台灣大","2,060,640","1,130","197,759,492","96.50","96.50","95.80","96.00","-","0.50","95.90","62","96.00","7","16.27",
"3046","建碁","108,376","51","654,316","6.07","6.10","6.00","6.05","-","0.04","6.01","8","6.05","5","0.00",
"3047","訊舟","3,699,757","999","53,450,906","14.65","14.65","14.30","14.40","-","0.15","14.40","90","14.45","15","19.20",
"3048","益登","2,326,780","966","45,588,568","19.80","20.00","19.30","19.50","-","0.30","19.50","57","19.55","26","15.23",
"3049","和鑫","4,636,166","1,548","40,227,588","8.40","8.88","8.35","8.83","+","0.51","8.83","27","8.84","19","25.23",
"3050","鈺德","202,736","52","1,450,792","7.16","7.18","7.12","7.15","-","0.03","7.15","3","7.17","2","0.00",
"3051","力特","174,191","45","919,334","5.32","5.35","5.15","5.33","-","0.02","5.27","5","5.32","8","3.23",
"3052","夆典","1,005,263","314","19,301,048","19.20","19.20","19.20","19.20","-","1.40","--","0","19.20","4,069","2.74",
"3054","立萬利","1,190,000","440","25,600,850","21.20","21.75","21.20","21.40","+","0.20","21.40","30","21.50","4","7.87",
"3055","蔚華科","941,431","289","14,789,201","15.40","15.80","15.40","15.80","+","1.00","15.80","824","--","0","0.00",
"3056","總太","508,894","204","13,736,648","26.80","27.20","26.65","27.05","+","0.15","27.05","7","27.10","7","2.97",
"3057","喬鼎","1,126,500","735","45,806,243","40.80","41.20","40.20","40.30","-","0.50","40.30","51","40.50","52","19.28",
"3058","立德","588,895","205","8,244,881","13.85","14.15","13.85","13.95","+","0.15","13.90","43","13.95","29","19.65",
"3059","華晶科","11,758,916","4,763","377,414,449","32.90","32.95","31.25","31.30","+","0.05","31.30","107","31.35","3","0.00",
"3060","銘異","316,170","178","52,518,550","167.00","167.00","165.00","165.00","-","2.00","165.00","2","166.00","7","55.74",
"3061","璨圓","1,785,206","702","30,919,418","17.45","17.50","17.20","17.35","-","0.10","17.30","49","17.35","21","0.00",
"3062","建漢","1,171,607","632","35,227,396","30.35","30.35","29.95","29.95","-","0.40","29.95","28","30.05","6","61.12",
"3090","日電貿","412,569","219","12,565,552","30.20","30.75","30.15","30.50","+","0.35","30.50","11","30.60","8","12.30",
"3094","聯傑","2,314,199","1,286","80,293,072","35.20","35.45","34.35","34.55","-","0.60","34.55","120","34.65","9","39.71",
"3130","一零四","6,000","6","683,000","114.00","114.00","113.50","113.50","-","0.50","113.50","1","114.00","2","15.51",
"3149","正達","1,131,000","725","40,916,300","36.50","36.55","35.70","36.00","-","0.25","36.00","43","36.10","1","0.00",
"3164","景岳","445,363","312","21,114,790","46.80","48.45","46.55","48.35","+","1.85","48.30","2","48.35","1","94.80",
"3167","大量","193,000","123","8,054,950","42.20","42.45","41.05","41.30","-","0.30","41.30","1","41.55","2","17.57",
"3189","景碩","6,413,255","2,776","772,024,845","123.00","123.00","119.00","119.00","-","0.50","119.00","58","119.50","18","16.46",
"3209","全科","387,746","166","10,615,135","27.60","27.60","27.20","27.40","+","0.05","27.40","3","27.45","34","13.24",
"3229","晟鈦","1,270,800","756","65,001,800","50.40","51.90","49.50","51.00","+","0.60","50.90","10","51.00","32","91.07",
"3231","緯創","6,062,828","2,209","153,810,919","25.40","25.55","25.20","25.30","-","0.15","25.30","142","25.35","59","10.45",
"3257","虹冠電","706,122","441","59,045,799","84.00","84.60","82.80","82.80","+","0.20","82.80","17","83.40","1","20.24",
"3296","勝德","162,550","42","3,547,337","21.35","22.50","21.35","21.45","-","0.15","21.40","6","21.95","5","0.00",
"3305","昇貿","262,458","156","10,741,957","41.25","41.25","40.75","40.85","-","0.40","40.85","1","40.95","3","13.53",
"3308","聯德","82,153","46","817,015","9.86","10.05","9.86","9.91","+","0.05","9.90","8","9.95","10","0.00",
"3311","閎暉","4,872,743","2,649","201,449,055","39.70","42.40","39.60","41.80","+","2.10","41.80","46","41.90","19","29.23",
"3312","弘憶股","146,600","72","2,054,820","13.90","14.15","13.85","14.00","+","0.10","13.95","7","14.00","12","11.97",
"3315","宣昶","69,000","36","1,304,750","19.00","19.00","18.80","18.95","-","0.05","18.95","1","19.00","22","22.03",
"3338","泰碩","399,113","222","14,136,496","35.50","35.70","35.10","35.70","+","0.70","35.65","7","35.75","2","17.33",
"3356","奇偶","285,457","272","48,431,147","170.00","171.00","169.00","169.50","+","0.50","169.50","3","170.00","4","18.52",
"3376","新日興","2,164,076","1,311","178,990,357","82.70","83.80","81.80","82.30","-","0.10","82.20","25","82.30","8","16.56",
"3380","明泰","6,348,814","2,625","162,943,173","25.60","25.80","25.45","25.45"," ","0.00","25.45","49","25.50","4","15.81",
"3383","新世紀","1,210,171","547","25,334,309","21.15","21.20","20.80","20.85","-","0.30","20.85","62","20.95","5","0.00",
"3406","玉晶光","1,089,093","837","115,859,858","107.50","108.00","105.50","106.00","-","1.50","105.50","66","106.50","9","0.00",
"3419","譁裕","332,040","151","5,467,051","16.45","16.55","16.40","16.40","-","0.05","16.40","11","16.45","7","0.00",
"3432","台端","124,000","58","1,748,500","14.20","14.20","13.95","14.20","-","0.20","14.10","1","14.20","2","0.00",
"3443","創意","271,855","183","23,582,141","87.00","87.00","86.50","86.70","+","0.10","86.70","4","86.80","9","40.14",
"3450","聯鈞","2,799,319","1,699","329,053,504","116.00","119.00","116.00","116.00","+","0.50","116.00","75","116.50","4","18.99",
"3454","晶睿","531,967","451","76,295,517","142.50","145.00","142.50","145.00","+","2.00","144.00","14","145.00","16","15.63",
"3474","華亞科","105,583,955","24,432","3,745,010,401","34.65","36.55","34.55","35.60","+","1.40","35.55","143","35.60","251","6.57",
"3481","群創","42,384,147","6,772","466,062,317","11.10","11.15","10.90","11.00","-","0.10","10.95","917","11.00","1,031","19.64",
"3494","誠研","1,605,050","640","32,419,467","20.25","20.60","19.95","20.20","-","0.05","20.20","91","20.30","81","0.00",
"3501","維熹","368,262","255","20,315,335","55.10","55.50","54.70","55.00"," ","0.00","55.00","31","55.30","1","13.13",
"3504","揚明光","302,104","185","18,151,492","60.40","60.70","59.70","60.30"," ","0.00","60.30","7","60.50","1","35.89",
"3514","昱晶","15,042,457","5,528","499,778,835","32.90","33.80","32.75","32.80","+","0.35","32.80","48","32.85","3","0.00",
"3515","華擎","497,776","390","59,804,844","118.50","121.50","118.50","119.50","+","3.50","119.50","2","120.00","3","12.95",
"3518","柏騰","1,500,599","846","120,487,290","81.00","82.00","79.00","80.20","-","2.10","80.20","5","80.30","3","71.61",
"3519","綠能","2,235,105","1,094","56,869,998","25.50","25.60","25.30","25.35"," ","0.00","25.35","198","25.40","5","0.00",
"3532","台勝科","78,150","37","2,448,080","31.05","31.45","31.05","31.35","+","0.35","31.20","8","31.35","3","78.38",
"3533","嘉澤","3,013,630","1,835","332,148,741","109.50","112.00","108.00","110.50"," ","0.00","110.50","9","111.00","44","14.24",
"3535","晶彩科","581,222","251","8,437,996","14.60","14.75","14.35","14.50","-","0.10","14.45","17","14.50","8","0.00",
"3536","誠創","891,988","323","7,684,668","8.88","8.90","8.33","8.45","-","0.49","8.45","2","8.62","27","0.00",
"3545","敦泰","2,877,006","1,524","158,126,226","55.50","55.80","54.40","54.40","-","0.50","54.40","4","54.50","15","21.00",
"3550","聯穎","30,000","22","504,650","16.75","16.95","16.75","16.80","+","0.05","16.80","10","16.85","2","15.56",
"3557","嘉威","227,806","99","1,727,882","7.60","7.70","7.54","7.70","+","0.12","7.69","6","7.70","8","0.00",
"3559","全智科","407,873","130","7,137,060","17.40","17.65","17.40","17.50","-","0.10","17.50","74","17.55","2","16.67",
"3561","昇陽光電","5,417,486","2,231","129,863,860","24.05","24.25","23.70","23.70","-","0.20","23.70","91","23.75","38","0.00",
"3573","穎台","737,054","286","25,705,114","35.05","35.05","34.50","34.70","-","0.30","34.70","4","34.85","1","0.00",
"3576","聯合再生","19,873,185","7,582","747,977,595","37.80","38.20","37.05","37.05","-","0.60","37.05","280","37.25","1","57.00",
"3579","尚志","154,239","102","3,825,941","25.25","25.25","24.55","24.85","+","0.10","24.80","5","24.85","6","0.00",
"3583","辛耘","350,036","205","20,102,566","57.00","58.10","56.60","57.20","+","0.20","57.10","4","57.20","23","18.63",
"3584","介面","735,199","461","18,093,460","24.75","25.10","24.15","24.60","-","0.15","24.60","109","24.70","1","0.00",
"3588","通嘉","97,611","71","4,572,769","46.30","47.05","46.30","46.90","+","0.15","46.90","1","47.00","11","18.69",
"3591","艾笛森","493,163","270","18,165,459","36.80","37.05","36.65","36.80","+","0.15","36.80","4","36.85","1","0.00",
"3593","力銘","689,100","250","11,464,134","16.30","16.90","16.25","16.85","+","0.55","16.80","121","16.85","80","0.00",
"3596","智易","637,148","411","30,933,326","48.65","48.95","48.30","48.45","-","0.15","48.45","5","48.50","1","13.42",
"3598","奕力","552,360","423","34,270,195","62.50","62.50","61.50","61.50","-","1.00","61.50","13","61.80","1","20.43",
"3605","宏致","2,047,509","1,138","73,042,412","35.90","36.50","35.00","35.10","-","0.85","35.10","22","35.45","12","22.50",
"3607","谷崧","188,105","132","9,697,110","52.00","52.00","51.20","51.30","-","0.60","51.30","14","51.40","1","14.57",
"3617","碩天","51,000","36","3,833,300","75.30","75.40","74.70","75.30"," ","0.00","75.20","4","75.30","5","14.05",
"3622","洋華","880,187","527","26,889,301","29.95","31.10","29.95","30.55","+","0.60","30.50","5","30.60","5","0.00",
"3638","F-IML","4,049,284","1,458","364,374,560","90.00","90.20","89.90","90.00","+","0.10","90.00","2,058","90.10","69","15.54",
"3645","達邁","803,005","199","25,315,306","31.20","31.85","31.20","31.35","+","0.25","31.35","16","31.55","7","36.88",
"3653","健策","1,529,434","990","155,453,334","104.50","104.50","100.50","102.00","-","2.00","102.00","57","102.50","26","37.36",
"3665","貿聯-KY","4,196,216","2,879","708,709,178","172.00","172.50","166.00","169.00","-","1.50","169.00","17","169.50","27","23.94",
"3669","圓展","145,000","89","3,686,650","24.75","25.80","24.70","25.50","+","0.60","25.35","1","25.50","13","0.00",
"3673","TPK-KY","7,260,754","4,792","1,715,788,698","240.00","240.00","234.50","235.50","-","3.00","235.50","16","236.00","29","10.79",
"3679","新至陞","23,000","18","1,039,100","44.50","45.95","44.50","45.10","-","0.20","45.00","2","45.40","1","12.70",
"3682","亞太電","42,789,676","10,445","687,635,566","16.10","16.40","15.75","16.10","+","0.15","16.05","101","16.10","438","28.75",
"3686","達能","7,674,437","1,975","120,945,330","15.90","15.95","15.65","15.80","+","0.10","15.75","212","15.80","361","0.00",
"3694","海華","268,250","117","4,501,500","16.65","16.95","16.45","16.75","+","0.15","16.75","3","16.80","5","0.00",
"3698","隆達","7,877,831","2,786","232,715,936","29.10","30.10","28.70","30.00","+","0.70","29.95","19","30.00","47","16.30",
"3701","大眾控","17,519","29","155,239","8.99","8.99","8.48","8.95","-","0.05","8.55","1","8.95","1","0.00",
"3702","大聯大","7,915,500","3,792","312,446,025","39.65","39.85","39.35","39.45"," ","0.00","39.45","98","39.50","477","13.75",
"3703","欣陸","713,846","183","8,253,566","11.55","11.60","11.50","11.60","+","0.05","11.55","80","11.60","17","10.64",
"3704","合勤控","1,136,320","457","19,583,164","17.30","17.35","17.15","17.30","+","0.15","17.25","1","17.30","17","24.03",
"3705","永信","5,150,917","2,558","331,451,877","61.50","65.10","61.50","65.10","+","4.20","65.10","464","--","0","26.68",
"3706","神達","1,921,417","864","47,975,158","25.10","25.15","24.85","24.90","-","0.20","24.90","129","25.00","30","31.92",
"4104","佳醫","468,132","372","27,304,900","58.40","58.70","57.70","58.50","+","0.90","58.50","8","58.60","22","21.99",
"4106","雃博","1,207,625","574","43,829,954","35.90","36.60","35.70","36.05","+","0.10","36.05","21","36.20","7","22.53",
"4108","懷特","993,093","644","38,196,428","38.30","38.75","37.90","38.55","+","0.70","38.55","2","38.60","13","0.00",
"4119","旭富","2,736,458","1,676","190,930,579","68.80","70.80","68.20","69.60","+","1.10","69.60","37","69.70","4","28.64",
"4133","亞諾法","91,007","87","3,922,851","42.90","43.45","42.50","43.20","+","0.60","43.20","3","43.25","2","35.41",
"4137","麗豐-KY","175,459","164","46,147,553","266.00","266.00","258.50","264.50","+","1.50","263.00","4","265.00","4","28.88",
"4141","龍燈-KY","121,002","92","6,924,024","57.90","57.90","57.00","57.20","-","0.80","57.20","1","57.30","5","21.92",
"4142","國光生","877,000","464","34,203,200","38.70","39.50","38.45","38.70","+","0.25","38.70","16","38.90","2","0.00",
"4144","康聯-KY","972,834","733","73,459,050","75.00","76.50","74.50","75.10","+","0.90","75.10","18","75.30","1","16.47",
"4164","承業醫","576,055","454","43,796,801","75.00","76.70","74.60","76.10","+","0.80","76.10","18","76.20","7","33.38",
"4306","炎洲","399,333","179","8,743,581","21.90","21.95","21.85","21.90"," ","0.00","21.85","62","21.90","6","13.35",
"4414","如興","4,652,263","1,474","96,252,267","21.00","21.10","20.40","20.45","-","0.45","20.45","18","20.50","41","17.94",
"4426","利勤","72,220","47","2,677,750","37.15","37.40","36.90","37.15"," ","0.00","37.15","2","37.20","2","13.17",
"4526","東台","626,171","305","18,986,415","30.60","30.60","30.20","30.25","-","0.35","30.20","58","30.25","1","24.40",
"4532","瑞智","880,093","525","29,017,050","32.90","33.10","32.80","33.00","+","0.10","33.00","10","33.05","18","16.34",
"4536","拓凱","139,050","118","23,147,350","168.00","168.00","165.00","167.00","-","1.00","166.50","7","167.50","1","28.64",
"4722","國精化","250,000","124","6,324,600","25.30","25.50","25.10","25.50","+","0.35","25.45","5","25.50","47","16.04",
"4725","信昌化","926,020","503","28,050,870","30.10","30.55","29.85","30.35","+","0.50","30.30","11","30.35","3","0.00",
"4733","上緯","3,327,688","2,079","372,338,932","111.50","113.50","109.00","113.00","+","1.50","112.50","13","113.00","31","38.97",
"4737","華廣","140,127","110","10,584,688","76.00","76.40","75.00","75.50","-","0.90","75.50","4","75.80","2","36.83",
"4746","台耀","808,300","622","61,384,889","74.10","77.00","74.10","76.40","+","2.30","76.40","5","76.50","34","0.00",
"4755","三福化","61,000","21","1,819,850","29.70","29.90","29.70","29.85","+","0.05","29.85","17","29.95","3","20.03",
"4904","遠傳","2,616,935","1,146","171,547,852","65.50","65.90","65.00","65.90","+","0.20","65.80","1","65.90","36","18.25",
"4906","正文","903,050","470","25,362,082","27.90","28.25","27.85","28.10","+","0.10","28.10","3","28.15","5","19.12",
"4915","致伸","11,359,800","4,838","424,608,047","37.30","37.85","36.85","37.20","+","0.50","37.20","30","37.25","34","24.16",
"4916","事欣科","761,024","516","38,092,071","48.20","50.90","48.10","50.90","+","3.25","50.90","461","--","0","22.52",
"4919","新唐","1,802,595","887","59,314,385","33.35","33.65","32.55","32.75","-","0.55","32.75","6","32.85","1","26.20",
"4930","燦星網","373,660","182","5,345,415","14.10","14.45","14.10","14.45","+","0.35","14.40","22","14.45","28","0.00",
"4934","太極","3,491,260","1,197","78,748,813","22.50","22.75","22.40","22.50","+","0.10","22.45","36","22.50","98","23.68",
"4935","茂林-KY","1,671,675","615","65,475,755","39.30","39.55","38.70","39.00","-","0.30","38.90","2","39.00","14","23.93",
"4938","和碩","20,520,857","7,088","980,405,436","46.80","48.35","46.30","48.10","+","2.05","48.10","20","48.15","133","11.67",
"4942","嘉彰","264,000","154","9,593,850","36.50","36.65","36.15","36.25","+","0.05","36.25","4","36.50","1","11.09",
"4952","凌通","629,000","355","24,163,750","38.80","38.80","38.00","38.00","-","0.25","38.00","17","38.20","1","13.52",
"4956","光鋐","342,000","157","8,546,650","25.10","25.15","24.80","25.10","+","0.40","24.95","2","25.10","2","33.03",
"4958","臻鼎-KY","4,009,452","2,468","366,730,260","91.00","92.70","90.40","91.40","-","1.10","91.40","26","91.50","27","12.33",
"4960","誠美材","2,908,664","1,271","104,793,386","36.35","36.40","35.80","35.85","-","0.25","35.85","6","35.95","35","7.20",
"4976","佳凌","76,000","34","2,500,250","32.70","33.00","32.70","32.95","+","0.25","32.90","22","33.00","21","20.59",
"4977","眾達-KY","162,100","131","13,645,290","85.00","85.00","83.60","84.40","-","0.60","84.00","3","84.80","2","21.00",
"4984","科納-KY","271,152","225","11,164,521","42.00","42.20","40.60","40.60","-","1.00","40.60","2","40.90","2","812.00",
"4994","傳奇","91,744","88","15,059,772","166.00","166.00","163.00","164.00"," ","0.00","163.50","4","164.50","2","38.59",
"4999","鑫禾","603,720","369","37,224,282","61.50","62.40","60.90","62.40","+","1.40","62.20","2","62.40","2","11.77",
"5007","三星","98,150","91","8,680,090","88.70","88.70","88.00","88.60","-","0.10","88.10","4","88.60","2","22.54",
"5203","訊連","209,976","150","19,578,468","93.00","93.60","93.00","93.00"," ","0.00","93.00","17","93.40","2","13.66",
"5215","科嘉-KY","18,000","17","508,750","28.50","28.50","27.95","28.15","-","0.20","28.15","1","28.30","5","27.87",
"5225","東科-KY","327,115","194","24,838,855","75.30","76.50","75.30","76.40","+","1.40","76.10","2","76.40","4","14.12",
"5234","達興材料","238,299","170","13,139,344","55.00","55.60","54.60","55.50","+","1.30","55.30","4","55.50","16","12.01",
"5243","乙盛-KY","479,000","296","25,783,000","54.00","54.30","53.30","53.30","-","0.40","53.30","9","53.50","10","23.17",
"5259","奕智博","142,000","61","2,089,250","14.60","14.80","14.50","14.75","+","0.15","14.75","13","14.80","4","0.00",
"5264","鎧勝-KY","2,130,450","1,208","342,267,950","162.00","162.00","159.50","159.50","-","1.50","159.50","33","160.00","17","8.85",
"5269","祥碩","837,010","602","67,320,891","81.30","81.60","79.20","79.90","-","1.40","79.80","16","80.10","4","40.35",
"5280","F-敦泰","499,076","468","122,788,544","246.00","248.00","243.50","243.50","-","2.00","243.50","6","244.00","5","10.59",
"5285","界霖","274,000","130","11,812,600","43.30","43.80","42.00","43.00","-","0.10","43.00","5","43.20","4","23.50",
"5305","敦南","1,712,297","617","37,451,676","21.90","22.10","21.60","21.80","-","0.10","21.80","2","21.85","17","62.29",
"5388","中磊","9,125,159","4,852","592,839,393","63.80","66.20","63.60","65.40","+","2.30","65.40","4","65.50","21","16.35",
"5434","崇越","447,922","282","26,102,435","58.30","58.60","58.00","58.30","+","0.30","58.20","50","58.30","4","11.32",
"5469","瀚宇博","533,845","187","5,834,012","10.90","11.00","10.85","10.95","+","0.05","10.90","157","10.95","1","0.00",
"5471","松翰","2,060,397","1,052","121,173,098","58.60","59.20","58.00","58.90","+","0.70","58.90","15","59.00","52","19.19",
"5484","慧友","1,677,618","564","21,643,464","13.15","13.15","12.75","13.10","+","0.15","13.00","32","13.15","4","0.00",
"5515","建國","164,707","97","2,265,058","13.75","13.80","13.70","13.75"," ","0.00","13.75","28","13.80","38","4.54",
"5519","隆大","215,504","92","6,549,593","30.45","30.45","30.30","30.40","-","0.05","30.35","8","30.45","4","7.51",
"5521","工信","843,183","151","11,550,921","13.60","13.75","13.60","13.65","+","0.05","13.65","140","13.70","14","48.75",
"5522","遠雄","204,627","149","10,238,562","50.30","50.30","49.85","50.00","-","0.10","49.95","1","50.00","20","6.24",
"5525","順天","31,730","18","621,993","19.55","19.65","19.50","19.50","-","0.10","19.50","26","19.65","10","7.25",
"5531","鄉林","328,224","135","7,981,637","24.25","24.45","24.25","24.45","+","0.20","24.40","1","24.45","35","6.08",
"5533","皇鼎","236,000","37","4,363,200","18.60","18.60","18.35","18.60","+","0.15","18.40","2","18.60","47","6.02",
"5534","長虹","540,015","304","46,720,101","86.40","86.70","85.70","86.70","+","0.20","86.60","83","86.70","13","4.26",
"5538","東明-KY","171,020","94","4,636,290","27.50","27.55","26.85","26.90","-","0.30","26.90","10","27.00","1","19.08",
"5607","遠雄港","731,100","382","17,568,590","23.60","24.30","23.35","24.00","+","0.70","24.00","15","24.05","9","22.22",
"5608","四維航","299,525","129","6,102,501","20.30","20.50","20.30","20.30"," ","0.00","20.30","38","20.45","1","23.07",
"5706","鳳凰","123,387","105","6,314,220","51.00","51.40","51.00","51.00","+","0.10","51.00","54","51.20","1","16.83",
"5871","中租-KY","2,906,956","1,625","211,637,688","72.60","73.40","72.20","72.70","+","0.10","72.70","44","72.80","1","12.30",
"5880","合庫金","2,361,180","672","38,190,296","16.10","16.25","16.10","16.25","+","0.10","16.20","492","16.25","1,347","16.41",
"5906","台南-KY","37,000","17","321,730","8.64","8.75","8.64","8.75","+","0.13","8.70","25","8.75","10","0.00",
"5907","大洋-KY","448,004","173","29,081,557","66.20","66.20","64.00","64.10","-","1.40","64.10","1","64.60","5","12.98",
"6005","群益證","1,932,361","430","20,310,645","10.50","10.60","10.40","10.60","+","0.20","10.55","61","10.60","141","17.10",
"6108","競國","207,116","113","4,331,650","20.85","21.00","20.85","20.90","+","0.10","20.85","13","20.90","2","21.11",
"6112","邁達特","194,221","131","7,136,221","36.50","36.90","36.50","36.80","+","0.35","36.75","6","36.80","1","14.60",
"6115","鎰勝","129,336","91","5,850,561","45.30","45.40","45.05","45.30","-","0.05","45.25","7","45.30","10","12.05",
"6116","彩晶","9,512,818","1,596","100,152,442","10.50","10.60","10.50","10.60","+","0.10","10.55","124","10.60","975","5.02",
"6117","迎廣","59,236","30","1,023,709","17.25","17.50","17.25","17.30","-","0.10","17.25","13","17.30","3","75.22",
"6120","達運","894,960","355","11,005,259","12.40","12.40","12.25","12.25","-","0.10","12.25","40","12.30","11","0.00",
"6128","上福","34,969","22","1,237,650","35.50","35.50","35.30","35.40","-","0.10","35.40","2","35.50","2","14.69",
"6131","鈞泰","1,020,620","277","15,513,972","15.00","15.45","14.85","15.20","+","0.15","15.20","8","15.30","3","0.00",
"6133","金橋","233,457","131","2,867,116","12.50","12.50","12.10","12.20","-","0.10","12.20","31","12.25","6","93.85",
"6136","富爾特","148,372","92","4,133,207","27.80","28.00","27.60","27.60","-","0.20","27.60","1","27.90","2","13.73",
"6139","亞翔","75,712","54","2,037,930","26.90","27.00","26.90","26.95","+","0.05","26.95","1","27.00","6","12.96",
"6141","柏承","835,261","330","10,242,833","12.10","12.45","12.05","12.30","+","0.30","12.30","1","12.35","17","0.00",
"6142","友勁","418,537","136","3,770,053","9.06","9.06","8.99","9.05","-","0.01","9.05","5","9.06","39","23.21",
"6145","勁永","168,429","102","2,426,755","14.50","14.50","14.30","14.40","-","0.05","14.40","19","14.45","16","480.00",
"6152","百一","347,266","173","7,590,782","21.70","22.00","21.65","21.85","+","0.15","21.85","11","21.90","9","10.82",
"6153","嘉聯益","7,333,372","3,334","312,616,644","43.25","43.55","42.20","42.55","-","0.70","42.55","98","42.60","32","21.06",
"6155","鈞寶","110,264","72","3,148,270","28.20","28.90","28.20","28.90","+","0.75","28.50","1","28.90","1","19.93",
"6164","華興","673,134","199","13,338,921","19.95","20.00","19.65","19.70","-","0.15","19.65","61","19.70","6","14.81",
"6165","浪凡","615,518","177","5,007,599","8.26","8.26","8.10","8.18","-","0.17","8.18","14","8.20","6","0.00",
"6166","凌華","252,670","182","14,501,190","58.10","58.20","57.10","57.20","-","0.30","57.20","16","57.30","2","23.54",
"6168","宏齊","1,061,316","444","20,709,011","19.50","19.60","19.25","19.45","+","0.10","19.45","9","19.50","1","108.06",
"6172","互億","4,306","5","33,383","7.76","7.76","7.76","7.76","-","0.24","7.85","1","8.29","2","38.80",
"6176","瑞儀","4,891,441","2,623","597,593,011","124.00","124.00","121.00","122.00","-","2.50","121.50","82","122.00","247","12.04",
"6177","達麗","200,441","78","7,043,468","35.70","35.70","34.90","34.90","-","0.40","34.90","13","35.20","5","151.74",
"6183","關貿","133,010","73","3,428,609","25.85","26.00","25.60","25.90","+","0.10","25.85","1","25.90","7","20.08",
"6184","大豐電","59,052","56","3,053,404","51.60","52.00","51.60","52.00","+","0.30","51.80","9","52.00","5","17.16",
"6189","豐藝","541,076","266","20,212,681","37.35","37.50","37.25","37.30","+","0.05","37.30","11","37.35","10","11.55",
"6191","精成科","703,598","154","7,249,209","10.30","10.35","10.25","10.30"," ","0.00","10.30","22","10.35","51","0.00",
"6192","巨路","101,964","88","7,286,916","71.60","71.90","71.10","71.20","-","0.40","71.20","2","71.40","2","13.23",
"6196","帆宣","3,200,217","1,127","73,318,128","22.45","23.10","22.30","23.10","+","0.90","23.10","119","23.15","56","17.11",
"6197","佳必琪","398,705","255","11,632,500","29.40","29.40","29.00","29.30","+","0.30","29.25","10","29.30","1","30.21",
"6201","亞弘電","17,010","17","414,241","24.60","24.60","24.30","24.30"," ","0.00","24.25","2","24.40","2","21.13",
"6202","盛群","1,619,387","915","90,753,672","55.90","56.50","55.60","55.80","+","0.30","55.80","24","55.90","1","16.96",
"6205","詮欣","444,794","217","15,418,193","34.60","35.00","34.35","34.70","+","0.60","34.60","3","34.85","1","16.68",
"6206","飛捷","742,094","601","89,653,823","122.00","122.00","120.00","120.50","-","0.50","120.00","278","120.50","9","16.81",
"6209","今國光","315,190","182","8,910,828","28.15","28.50","28.10","28.20","+","0.05","28.20","36","28.30","1","61.30",
"6213","聯茂","375,470","239","12,792,880","33.90","34.30","33.90","34.00","-","0.05","34.00","38","34.05","58","13.49",
"6214","精誠","594,291","444","35,412,184","59.40","59.80","59.40","59.40"," ","0.00","59.40","18","59.50","1","17.07",
"6215","和椿","191,085","111","3,064,777","16.00","16.20","15.85","16.15","+","0.35","16.15","4","16.20","4","48.94",
"6216","居易","280,213","156","8,269,510","29.85","29.85","29.30","29.40","-","0.20","29.40","9","29.50","27","14.77",
"6224","聚鼎","529,981","331","38,793,219","73.80","73.80","72.70","73.00","+","1.70","73.00","4","73.20","2","15.47",
"6225","天瀚","4,003","6","36,327","9.10","9.10","9.00","9.00","-","0.12","9.00","20","9.10","1","0.00",
"6226","光鼎","894,937","274","10,054,499","11.10","11.30","11.10","11.15","+","0.15","11.10","44","11.15","16","33.79",
"6230","尼得科超眾","888,200","593","71,840,160","81.50","81.90","80.50","81.20","-","0.30","81.10","8","81.20","1","13.10",
"6235","華孚","82,596","34","647,950","7.90","7.91","7.75","7.77","-","0.08","7.77","9","7.90","7","0.00",
"6239","力成","13,100,066","5,571","682,450,495","51.90","52.80","51.30","51.80","+","0.60","51.80","2","51.90","38","0.00",
"6243","迅杰","2,003,610","833","42,407,303","20.20","21.50","20.20","21.50","+","1.40","21.50","7,255","--","0","0.00",
"6251","定穎","865,099","203","10,186,102","11.80","11.90","11.65","11.70"," ","0.00","11.70","7","11.75","110","0.00",
"6257","矽格","2,918,342","1,271","89,051,124","30.80","30.90","30.30","30.55","-","0.10","30.55","100","30.60","70","12.62",
"6269","台郡","5,181,410","3,487","429,987,268","82.20","83.80","81.30","83.60","+","1.70","83.50","44","83.60","21","8.73",
"6271","同欣電","2,578,508","1,625","435,316,376","165.00","171.00","165.00","168.50","+","3.50","168.00","88","169.00","5","17.34",
"6277","宏正","210,758","142","20,185,489","95.00","96.10","95.00","96.00","+","0.70","95.90","2","96.00","8","15.48",
"6278","台表科","2,221,782","1,205","98,336,016","44.60","44.95","44.00","44.15","-","0.60","44.15","44","44.25","2","12.00",
"6281","全國電","12,366","15","783,704","63.40","64.00","63.00","63.40","+","0.10","63.40","15","63.90","2","15.13",
"6282","康舒","6,538,666","3,278","263,006,384","39.80","40.75","39.45","40.35","+","0.65","40.35","49","40.40","8","16.74",
"6283","淳安","188,512","94","1,854,750","9.88","9.97","9.81","9.82","-","0.06","9.82","2","9.85","18","0.00",
"6285","啟碁","1,774,010","1,084","127,782,911","71.70","72.50","71.60","71.70"," ","0.00","71.70","9","71.80","2","15.16",
"6286","立錡","594,340","460","105,079,840","177.00","178.00","175.50","177.00"," ","0.00","177.00","43","177.50","18","19.14",
"6289","華上","304,116","69","923,048","3.01","3.09","2.97","3.08","+","0.03","3.06","15","3.08","9","0.00",
"6405","悅城","139,015","100","9,635,444","69.80","69.80","68.70","69.70"," ","0.00","69.60","1","69.70","1","12.12",
"6409","旭隼","317,400","253","64,153,300","205.00","205.00","201.00","202.00","-","1.00","202.00","16","202.50","1","20.38",
"6412","群電","278,000","183","12,100,950","43.70","43.80","43.20","43.20","-","0.50","43.20","5","43.50","2","19.03",
"6414","樺漢","668,377","494","116,105,662","180.00","180.00","169.00","174.50","-","6.00","174.00","4","174.50","6","28.37",
"6415","矽力*-KY","66,102","67","17,249,020","265.00","265.00","257.50","258.00","-","7.00","258.00","4","262.00","1","30.68",
"6504","南六","233,631","175","40,661,532","175.50","176.50","172.50","172.50","-","2.50","172.50","15","173.50","1","33.24",
"6505","台塑化","1,158,676","942","87,584,466","76.00","76.00","75.20","75.80","-","0.20","75.70","2","75.80","24","26.88",
"6605","帝寶","612,100","446","75,931,700","123.00","125.50","123.00","123.00","-","0.50","123.00","61","123.50","1","15.26",
"6702","興航","157,000","80","1,839,050","11.70","11.80","11.70","11.75","+","0.05","11.70","16","11.75","2","48.96",
"8011","台通","3,656,776","1,958","187,404,097","52.10","52.10","50.60","50.70","-","1.30","50.70","41","50.80","23","24.26",
"8016","矽創","2,670,490","1,320","161,172,593","61.30","61.50","59.40","60.70","+","0.10","60.70","6","60.80","49","16.86",
"8021","尖點","774,321","275","17,285,268","22.25","22.40","22.10","22.40","+","0.15","22.35","49","22.40","47","12.58",
"8033","雷虎","856,766","334","14,140,897","16.75","16.75","16.30","16.40","-","0.30","16.40","9","16.45","14","78.10",
"8039","台虹","31,512,295","11,469","1,960,265,185","61.70","65.40","60.50","62.40","+","0.90","62.30","46","62.50","123","12.51",
"8046","南電","8,131,590","3,609","360,606,591","43.00","45.35","42.20","45.35","+","2.95","45.35","1,329","--","0","0.00",
"8070","長華*","98,351","75","7,906,789","80.30","80.60","80.00","80.40","+","0.40","80.40","9","80.50","11","14.49",
"8072","陞泰","124,242","94","10,036,126","80.80","81.00","80.60","80.60","-","0.10","80.60","10","80.70","13","15.74",
"8081","致新","129,322","102","12,542,272","97.60","97.60","96.70","97.00","-","0.60","96.90","4","97.10","1","15.32",
"8101","華冠","8,719,558","2,443","160,224,364","18.10","18.95","17.80","18.60","+","0.60","18.60","6","18.65","21","27.76",
"8103","瀚荃","579,619","382","24,394,307","42.60","42.60","41.95","41.95","-","0.25","41.95","24","42.10","1","11.46",
"8105","凌巨","8,519,851","2,496","113,112,662","12.85","13.55","12.75","13.35","+","0.50","13.30","163","13.35","31","0.00",
"8110","華東","2,589,026","697","32,610,821","12.80","12.80","12.50","12.50","-","0.30","12.50","155","12.55","24","19.23",
"8112","至上","3,998,889","1,237","66,841,182","16.70","16.90","16.35","16.80","+","0.30","16.80","46","16.85","97","27.54",
"8114","振樺電","144,713","133","22,688,581","156.00","158.50","156.00","158.50","+","0.50","157.50","3","159.00","3","20.32",
"8131","福懋科","1,611,250","676","39,192,262","23.80","24.80","23.70","24.15","+","0.40","24.15","3","24.20","9","92.88",
"8150","南茂","1,192,000","616","44,844,650","38.00","38.05","37.25","37.50","-","0.35","37.50","59","37.65","9","13.59",
"8163","達方","899,214","414","18,965,367","21.25","21.25","20.90","20.90","-","0.20","20.90","28","21.00","14","2,090.00",
"8201","無敵","71,911","47","931,743","12.90","13.00","12.90","12.95"," ","0.00","12.95","5","13.00","13","0.00",
"8210","勤誠","2,557,094","1,141","120,110,336","46.10","47.75","45.45","46.95","+","0.75","46.90","10","46.95","9","16.47",
"8213","志超","1,988,585","1,021","87,668,218","44.30","44.60","43.75","44.10","-","0.20","44.10","60","44.25","2","10.40",
"8215","明基材","3,848,300","1,745","145,207,950","38.50","38.50","37.50","37.75","-","0.90","37.75","5","37.80","14","13.20",
"8249","菱光","1,366,212","573","36,265,288","26.25","26.85","26.10","26.50","+","0.25","26.45","16","26.50","4","17.79",
"8261","富鼎","507,713","266","13,740,818","26.95","27.60","26.40","27.60","+","0.80","26.65","26","27.60","1","0.00",
"8271","宇瞻","1,165,975","493","36,193,621","31.10","31.20","30.85","30.95"," ","0.00","30.95","27","31.00","29","9.29",
"8374","羅昇","103,115","65","2,563,351","24.50","25.00","24.50","24.90","+","0.40","24.80","5","24.90","4","103.75",
"8404","百和興業-KY","317,882","122","7,346,065","23.35","23.35","22.90","23.20","+","0.10","23.20","3","23.25","14","15.89",
"8411","福貞-KY","333,050","244","24,361,350","73.20","73.80","72.80","72.90","-","0.30","72.80","18","72.90","2","11.76",
"8422","可寧衛","318,967","239","54,537,824","172.00","172.50","170.50","171.00","-","2.00","170.50","24","171.00","27","14.92",
"8427","基勝-KY","47,000","28","2,380,500","50.80","50.80","50.30","50.80"," ","0.00","50.70","1","50.80","9","23.74",
"8429","金麗-KY","1,589,974","1,112","135,759,390","87.40","87.40","84.20","85.10","-","2.40","85.10","26","85.30","1","10.79",
"8926","台汽電","1,173,876","466","23,323,425","20.00","20.05","19.75","19.90","-","0.10","19.80","67","19.90","30","15.31",
"8940","新天地","43,110","28","963,764","22.20","22.40","22.10","22.40","+","0.40","22.25","2","22.40","3","0.00",
"8996","高力","393,817","309","28,870,049","73.90","73.90","73.00","73.20","-","0.60","73.10","6","73.20","9","36.42",
"910069","新曄","0","0","0","--","--","--","--"," ","0.00","9.26","5","9.89","1","0.00",
"9103","美德醫療-DR","2,082,206","390","5,574,335","2.75","2.75","2.60","2.61","+","0.03","2.61","18","2.64","2","0.00",
"910322","康師傅-DR","13,173","11","544,793","41.25","41.45","41.25","41.30","+","0.10","41.25","3","41.45","3","0.00",
"910482","聖馬丁-DR","768,534","94","1,368,556","1.80","1.80","1.77","1.79","-","0.02","1.78","1","1.79","21","0.00",
"9105","泰金寶-DR","518,000","99","1,516,010","2.93","2.94","2.92","2.93","+","0.01","2.93","55","2.94","51","0.00",
"9106","新焦點-DR","63,000","9","143,010","2.27","2.27","2.27","2.27","-","0.17","--","0","2.27","272","0.00",
"910708","恒大健-DR","7,000","5","36,260","5.45","5.45","5.03","5.24"," ","0.00","5.23","1","5.25","2","0.00",
"910801","金衛-DR","3,672,320","1,131","31,479,547","8.77","8.80","8.42","8.50","-","0.26","8.50","69","8.52","10","0.00",
"910861","神州-DR","0","0","0","--","--","--","--"," ","0.00","--","","--","","0.00",
"910948","融達","401,000","57","526,350","1.33","1.33","1.26","1.30"," ","0.00","1.27","13","1.30","13","0.00",
"9110","越南控-DR","46,000","17","182,270","3.96","3.97","3.96","3.97","-","0.06","3.97","10","4.01","1","0.00",
"911608","明輝-DR","14,000","10","83,630","6.01","6.01","5.87","5.87","-","0.14","5.87","6","6.00","6","0.00",
"911609","揚子江","181,000","45","2,443,950","13.40","13.65","13.30","13.50","+","0.05","13.45","33","13.65","2","0.00",
"911611","中泰山-DR","501,000","51","1,034,730","2.07","2.09","2.06","2.07","-","0.01","2.06","59","2.07","45","0.00",
"911612","滬安","321,419","48","1,015,546","3.20","3.20","3.12","3.15","-","0.09","3.14","8","3.17","8","0.00",
"911616","杜康-DR","396,000","121","2,239,450","5.61","5.70","5.61","5.65"," ","0.00","5.65","22","5.68","8","0.00",
"911619","耀傑-DR","3,000","2","15,180","5.00","5.18","5.00","5.18","X","0.00","4.96","11","5.18","4","0.00",
"911622","泰聚亨-DR","0","0","0","--","--","--","--"," ","0.00","12.50","1","--","0","0.00",
"911626","MSH-DR","23,000","12","119,290","5.48","5.48","5.11","5.31","-","0.17","5.11","7","5.31","2","0.00",
"911868","同方友友-DR","197,536","105","549,401","2.78","2.83","2.78","2.79","+","0.01","2.79","3","2.80","6","0.00",
"912000","晨訊科-DR","921,298","13","2,562,550","2.78","2.86","2.78","2.82","+","0.02","2.77","3","2.82","1","0.00",
"912398","友佳-DR","29,000","14","275,830","9.56","9.56","9.50","9.51"," ","0.00","9.51","6","9.64","1","0.00",
"9136","巨騰-DR","2,091,080","552","48,621,226","23.45","23.60","23.05","23.40"," ","0.00","23.40","4","23.45","15","0.00",
"913889","大成糖","35,000","18","115,020","3.28","3.32","3.28","3.32","-","0.04","3.32","6","3.34","2","0.00",
"9157","陽光能源-DR","188,000","49","484,010","2.62","2.64","2.51","2.60","-","0.02","2.55","8","2.60","19","0.00",
"9188","精熙-DR","118,000","10","365,810","3.11","3.11","3.10","3.10"," ","0.00","3.10","111","3.13","22","0.00",
"9802","鈺齊-KY","135,000","86","4,936,550","36.60","36.80","36.40","36.40","-","0.40","36.40","5","36.50","1","16.25",
"9902","台火","250,026","145","3,984,708","15.60","16.15","15.50","16.00","+","0.30","16.00","5","16.05","5","10.13",
"9904","寶成","14,135,058","5,546","489,835,746","34.70","35.20","34.00","34.80","+","0.30","34.80","922","34.85","8","9.61",
"9905","大華","204,220","169","7,951,934","38.90","39.15","38.80","38.90"," ","0.00","38.90","194","39.15","1","13.51",
"9906","欣巴巴","1,679,306","794","71,222,953","41.20","42.50","41.20","42.50","+","2.75","42.50","3,284","--","0","386.36",
"9907","統一實","837,962","486","27,235,013","32.70","32.70","32.40","32.40","-","0.30","32.40","16","32.50","3","40.50",
"9908","大台北","94,393","54","2,243,333","23.70","23.85","23.65","23.85","+","0.05","23.80","5","23.85","8","19.08",
"9910","豐泰","268,790","217","22,293,672","83.00","83.80","82.40","82.60","+","0.10","82.50","25","82.60","7","20.05",
"9911","櫻花","374,761","170","8,195,692","21.80","22.05","21.70","22.00","+","0.20","21.90","20","22.00","39","12.57",
"9912","偉聯","51,402","70","907,784","17.40","17.80","17.40","17.80","+","0.30","17.75","1","17.80","5","0.00",
"9914","美利達","1,016,918","855","203,261,182","203.00","203.00","199.00","199.00","-","4.00","199.00","81","199.50","14","19.49",
"9917","中保科","101,251","107","7,815,746","77.00","77.40","77.00","77.00"," ","0.00","77.00","34","77.10","1","17.19",
"9918","欣天然","2,117","5","70,466","33.25","33.35","33.25","33.35","-","0.15","32.75","1","33.40","1","27.56",
"9919","康那香","216,100","78","3,204,380","14.85","14.90","14.75","14.85"," ","0.00","14.80","29","14.85","1","92.81",
"9921","巨大","649,293","574","149,899,476","234.00","234.50","228.00","232.00","-","3.50","231.50","1","232.00","2","24.84",
"9924","福興","249,350","168","8,075,921","32.50","32.60","32.05","32.35","+","0.05","32.30","11","32.35","58","10.50",
"9925","新保","135,754","92","5,558,964","41.00","41.05","40.80","41.05","+","0.10","41.00","4","41.05","6","15.09",
"9926","新海","226","2","9,548","--","--","--","--"," ","0.00","42.50","4","43.15","8","31.75",
"9927","泰銘","126,500","76","4,370,048","34.70","34.75","34.45","34.60","-","0.10","34.60","1","34.65","1","10.18",
"9928","中視","30,083","15","449,128","14.90","15.00","14.90","14.90"," ","0.00","14.90","43","15.00","23","0.00",
"9929","秋雨","496,895","109","4,942,435","9.90","10.00","9.88","9.90","+","0.07","9.90","10","9.94","3","0.00",
"9930","中聯資源","52,840","42","3,765,896","71.10","71.50","71.00","71.10","+","0.10","71.10","8","71.30","5","18.14",
"9931","欣高","2,145","5","86,635","40.40","40.40","40.40","40.40","+","0.05","40.40","1","40.65","1","17.12",
"9933","中鼎","891,651","535","44,471,717","50.40","50.50","49.25","50.10","+","0.10","50.00","23","50.10","3","22.77",
"9934","成霖","1,444,200","458","29,460,340","20.00","20.55","20.00","20.45","+","0.40","20.45","7","20.50","4","3.45",
"9935","慶豐富","4,377,861","1,070","52,568,038","11.30","12.50","11.30","12.30","+","0.50","12.25","59","12.30","48","0.00",
"9937","全國","58,100","42","1,567,455","27.00","27.00","26.95","26.95"," ","0.00","26.95","5","27.10","2","22.27",
"9938","百和","4,985,464","2,209","200,289,210","40.75","40.80","39.70","40.20","-","0.55","40.20","5","40.25","35","15.06",
"9939","宏全","430,120","263","27,031,343","63.00","63.20","62.70","62.90","+","0.10","62.90","11","63.00","87","14.73",
"9940","信義","292,358","222","15,725,555","53.70","54.10","53.50","53.70"," ","0.00","53.70","1","53.80","8","12.04",
"9941","裕融","172,812","113","13,281,529","77.00","77.10","76.30","76.80","+","0.30","76.70","8","76.80","5","13.54",
"9942","茂順","139,500","112","19,157,000","137.50","138.50","136.00","138.00","+","1.50","138.00","2","138.50","7","22.77",
"9943","好樂迪","121,300","86","4,668,000","38.45","38.65","38.40","38.65","+","0.30","38.45","2","38.65","5","14.37",
"9944","新麗","217,808","134","8,039,828","36.60","37.50","36.25","36.25","-","0.30","36.25","6","36.50","1","34.52",
"9945","潤泰新","2,423,358","1,071","130,948,361","53.80","54.50","53.50","53.80"," ","0.00","53.80","68","53.90","1","2.09",
"9946","三發地產","308,000","87","7,995,600","25.90","26.15","25.85","26.15","+","0.05","26.00","3","26.15","11","3.93",
"9955","佳龍","50,051","32","1,047,515","21.00","21.05","20.80","21.00","-","0.05","20.85","2","21.00","2","0.00",
"9958","世紀鋼","989,886","275","13,539,340","13.50","13.90","13.45","13.65","+","0.15","13.65","13","13.70","8","13.00",
