"103年11月05日 價格指數(臺灣證券交易所)"
"指數","收盤指數","漲跌(+/-)","漲跌點數","漲跌百分比(%)","特殊處理註記",
"寶島股價指數","10,380.04","-","30.73","-0.30","",
"發行量加權股價指數","8,962.60","-","26.58","-0.30","",
"臺灣50指數","6,542.23","-","24.15","-0.37","",
"臺灣中型100指數","7,090.37","-","16.75","-0.24","",
"臺灣資訊科技指數","7,611.16","-","34.87","-0.46","",
"臺灣發達指數","7,749.64","-","21.23","-0.27","",
"臺灣高股息指數","5,587.01","-","41.21","-0.73","",
"臺灣就業99指數","5,378.39","-","18.94","-0.35","",
"臺灣高薪100指數","4,988.62","-","18.60","-0.37","",
"臺灣企業經營101指數","5,769.01","-","15.08","-0.26","",
"臺灣低波動高股息指數","1,389.71","-","5.62","-0.40","",
"未含金融保險股指數","7,499.17","-","22.10","-0.29","",
"未含電子股指數","12,972.87","-","17.25","-0.13","",
"未含金融電子股指數","10,987.22","-","6.26","-0.06","",
"水泥窯製類指數","592.96","+","1.41","0.24","",
"塑膠化工類指數","769.41","-","2.83","-0.37","",
"機電類指數","1,985.91","-","8.13","-0.41","",
"水泥類指數","151.72","+","0.17","0.11","",
"食品類指數","1,195.77","-","18.95","-1.56","",
"塑膠類指數","208.83","-","1.91","-0.91","",
"紡織纖維類指數","506.01","-","4.73","-0.93","",
"電機機械類指數","152.55","+","0.69","0.45","",
"電器電纜類指數","37.88","+","0.22","0.58","",
"化學生技醫療類指數","101.47","-","0.15","-0.15","",
"化學類指數","96.33","+","0.10","0.10","",
"生技醫療類指數","76.34","-","0.34","-0.44","",
"玻璃陶瓷類指數","57.44","+","0.52","0.91","",
"造紙類指數","174.61","-","0.11","-0.06","",
"鋼鐵類指數","99.15","+","0.19","0.19","",
"橡膠類指數","376.52","+","5.21","1.40","",
"汽車類指數","322.60","+","2.04","0.64","",
"電子類指數","352.69","-","1.56","-0.44","",
"半導體類指數","113.78","-","0.32","-0.28","",
"電腦及週邊設備類指數","98.26","-","1.13","-1.14","",
"光電類指數","36.51","-","0.53","-1.43","",
"通信網路類指數","113.57","-","0.03","-0.03","",
"電子零組件類指數","81.44","-","0.96","-1.17","",
"電子通路類指數","110.51","-","0.59","-0.53","",
"資訊服務類指數","96.51","+","0.15","0.16","",
"其他電子類指數","87.15","+","0.24","0.28","",
"建材營造類指數","264.02","-","0.26","-0.10","",
"航運類指數","80.41","+","1.41","1.78","",
"觀光類指數","123.27","-","0.23","-0.19","",
"金融保險類指數","1,098.29","-","3.38","-0.31","",
"貿易百貨類指數","234.86","+","0.15","0.06","",
"油電燃氣類指數","89.43","+","0.13","0.15","",
"其他類指數","228.27","-","0.22","-0.10","",
"價格指數(跨市場)"
"指數","收盤指數","漲跌(+/-)","漲跌點數","漲跌百分比(%)","特殊處理註記",
"價格指數(臺灣指數公司)"
"指數","收盤指數","漲跌(+/-)","漲跌點數","漲跌百分比(%)","特殊處理註記",
"報酬指數(臺灣證券交易所)"
"報酬指數","收盤指數","漲跌(+/-)","漲跌點數","漲跌百分比(%)","特殊處理註記",
"寶島股價報酬指數","10,693.33","-","31.65","-0.30","",
"發行量加權股價報酬指數","13,647.54","-","40.47","-0.30","",
"臺灣50報酬指數","10,075.99","-","37.20","-0.37","",
"臺灣中型100報酬指數","10,148.68","-","23.97","-0.24","",
"臺灣資訊科技報酬指數","11,102.06","-","50.87","-0.46","",
"臺灣發達報酬指數","10,807.66","-","29.61","-0.27","",
"臺灣高股息報酬指數","9,206.20","-","67.90","-0.73","",
"臺灣就業99報酬指數","6,105.37","-","21.50","-0.35","",
"臺灣高薪100報酬指數","5,029.23","-","18.76","-0.37","",
"臺灣企業經營101報酬指數","6,162.61","-","16.11","-0.26","",
"臺灣低波動高股息報酬指數","2,728.69","-","11.03","-0.40","",
"未含金融電子股報酬指數","16,889.22","-","9.63","-0.06","",
"水泥類報酬指數","200.76","+","0.21","0.10","",
"食品類報酬指數","1,383.41","-","21.92","-1.56","",
"塑膠類報酬指數","259.78","-","2.38","-0.91","",
"紡織纖維類報酬指數","619.71","-","5.78","-0.92","",
"電機機械類報酬指數","183.12","+","0.83","0.46","",
"電器電纜類報酬指數","42.39","+","0.25","0.59","",
"化學生技醫療類報酬指數","123.07","-","0.18","-0.15","",
"化學類報酬指數","119.30","+","0.11","0.09","",
"生技醫療類報酬指數","88.50","-","0.38","-0.43","",
"玻璃陶瓷類報酬指數","61.23","+","0.55","0.91","",
"造紙類報酬指數","202.48","-","0.13","-0.06","",
"鋼鐵類報酬指數","122.42","+","0.24","0.20","",
"橡膠類報酬指數","446.30","+","6.18","1.40","",
"汽車類報酬指數","375.50","+","2.37","0.64","",
"電子類報酬指數","491.48","-","2.19","-0.44","",
"半導體類報酬指數","152.32","-","0.43","-0.28","",
"電腦及週邊設備類報酬指數","140.81","-","1.61","-1.13","",
"光電類報酬指數","43.10","-","0.63","-1.44","",
"通信網路類報酬指數","173.94","-","0.03","-0.02","",
"電子零組件類報酬指數","111.57","-","1.32","-1.17","",
"電子通路類報酬指數","161.92","-","0.86","-0.53","",
"資訊服務類報酬指數","145.73","+","0.22","0.15","",
"其他電子類報酬指數","101.12","+","0.27","0.27","",
"建材營造類報酬指數","342.52","-","0.33","-0.10","",
"航運類報酬指數","94.46","+","1.65","1.78","",
"觀光類報酬指數","136.20","-","0.26","-0.19","",
"金融保險類報酬指數","1,368.01","-","4.20","-0.31","",
"貿易百貨類報酬指數","273.44","+","0.18","0.07","",
"油電燃氣類報酬指數","106.11","+","0.16","0.15","",
"其他類報酬指數","291.77","-","0.28","-0.10","",
"報酬指數(跨市場)"
"報酬指數","收盤指數","漲跌(+/-)","漲跌點數","漲跌百分比(%)","特殊處理註記",
"報酬指數(臺灣指數公司)"
"報酬指數","收盤指數","漲跌(+/-)","漲跌點數","漲跌百分比(%)","特殊處理註記",
"103年11月05日 大盤統計資訊"
"成交統計","成交金額(元)","成交股數(股)","成交筆數",
"1.一般股票","65,783,327,808","1,674,258,742","583,358",
"2.台灣存託憑證","19,770,041","4,978,366","819",
"3.受益憑證","0","0","0",
"4.ETF","1,573,813,951","60,500,127","8,192",
"5.受益證券","51,175,170","2,845,000","367",
"6.變更交易股票","48,957,363","11,011,734","1,531",
"7.認購(售)權證","3,437,544,580","3,213,894,000","72,117",
"8.轉換公司債","0","0","0",
"9.附認股權特別股","0","0","0",
"10.附認股權公司債","0","0","0",
"11.認股權憑證","0","0","0",
"12.公司債","0","0","0",
"13.ETN","0","0","0",
"14.創新板股票","0","0","0",
"15.創新板-變更交易方法股票","0","0","0",
"證券合計(1+6+14+15)","65,832,285,171","1,685,270,476","584,889",
"總計(1~15)","70,914,588,913","4,967,487,969","666,384",
"漲跌證券數合計"
"類型","整體市場","股票",
"上漲(漲停)","2,294(12)","300(10)",
"下跌(跌停)","3,464(42)","454(1)",
"持平","529","88",
"未成交","4,104","4",
"無比價","801","1",
"備註:"
""漲跌價差"為當日收盤價與前一日收盤價比較。",
""無比價"含前一日無收盤價、當日除權、除息、新上市、恢復交易者。",

"103年11月05日每日收盤行情(全部(不含權證、牛熊證))"
"(元,股)",,,,,,,,,,,"(元,交易單位)",,,,,
"證券代號","證券名稱","成交股數","成交筆數","成交金額","開盤價","最高價","最低價","收盤價","漲跌(+/-)","漲跌價差","最後揭示買價","最後揭示買量","最後揭示賣價","最後揭示賣量","本益比",
="0050","元大台灣50","10,539,898","1,402","690,084,592","65.80","65.85","65.35","65.50","-","0.15","65.50","219","65.55","46","0.00",
="0051","元大中型100","11,335","11","331,561","29.29","29.48","29.16","29.48","+","0.04","29.18","2","29.50","2","0.00",
="0052","富邦科技","1,001","2","39,569","39.53","39.53","39.53","39.53","+","0.01","39.30","17","39.53","1","0.00",
="0053","元大電子","9,000","8","259,240","29.00","29.00","28.62","28.64","-","0.27","28.64","1","29.25","1","0.00",
="0054","元大台商50","36,000","9","819,280","22.80","22.80","22.69","22.69","-","0.22","21.44","3","22.72","4","0.00",
="0055","元大MSCI金融","169,000","53","2,577,230","15.30","15.35","15.20","15.20","-","0.11","15.19","4","15.20","4","0.00",
="0056","元大高股息","1,399,687","581","32,839,968","23.60","23.60","23.36","23.46","-","0.13","23.45","1","23.50","5","0.00",
="0057","富邦摩台","14,005","4","560,501","40.20","40.20","39.97","39.97","-","0.18","39.99","50","40.01","50","0.00",
="0058","富邦發達","0","0","0","--","--","--","--"," ","0.00","37.19","2","37.38","17","0.00",
="0059","富邦金融","15,000","3","503,630","33.62","33.62","33.54","33.54","-","0.28","33.42","19","33.60","10","0.00",
="0060","新台灣","3,000","2","95,260","31.77","31.77","31.72","31.72","-","0.21","31.34","3","32.19","1","0.00",
="0061","元大寶滬深","18,481,705","1,898","253,133,841","13.71","13.75","13.61","13.67","-","0.05","13.67","496","13.68","134","0.00",
="006203","元大MSCI台灣","62,000","7","1,992,840","32.21","32.21","31.92","32.07","-","0.19","31.93","200","32.65","1","0.00",
="006204","永豐臺灣加權","20,504","4","922,523","45.02","45.02","44.97","44.97","-","0.10","44.79","15","44.91","15","0.00",
="006205","富邦上証","9,029,010","657","192,558,695","21.38","21.48","21.26","21.34","-","0.03","21.34","260","21.35","90","0.00",
="006206","元大上證50","3,097,000","345","59,927,650","19.21","19.48","19.21","19.33","-","0.08","19.32","3","19.33","263","0.00",
="006207","FH滬深","3,605,255","271","56,288,835","15.65","15.71","15.56","15.63","-","0.01","15.62","44","15.63","8","0.00",
="006208","富邦台50","4,000","3","146,940","36.80","36.80","36.67","36.67","-","0.31","36.69","20","36.93","12","0.00",
="00631L","元大台灣50正2","6,678,011","935","135,954,477","20.51","20.55","20.27","20.30","-","0.17","20.30","229","20.32","23","0.00",
="00632R","元大台灣50反1","7,323,016","1,992","144,565,229","19.69","19.78","19.66","19.77","+","0.05","19.76","2","19.77","229","0.00",
="0080","恒中國","400","2","139,230","343.25","352.90","343.25","352.90","X","0.00","343.95","1","352.75","1","0.00",
="0081","恒香港","0","0","0","--","--","--","--"," ","0.00","777.25","1","988.00","1","0.00",
="008201","BP上證50","1,300","3","72,860","56.00","56.60","56.00","56.60","+","0.40","56.10","20","56.60","5","0.00",
="01001T","土銀富邦R1","9,000","4","138,700","15.40","15.50","15.40","15.50"," ","0.00","15.40","10","15.50","99","0.00",
="01002T","土銀國泰R1","708,000","131","12,771,660","18.02","18.09","18.02","18.05","+","0.01","18.04","1","18.05","47","0.00",
="01003T","兆豐新光R1","73,000","15","925,570","12.67","12.70","12.67","12.67","-","0.01","12.67","120","12.83","2","0.00",
="01004T","土銀富邦R2","4,000","3","50,460","12.66","12.66","12.51","12.63","+","0.04","12.52","2","12.63","3","0.00",
="01007T","兆豐國泰R2","300,000","16","4,656,200","15.53","15.53","15.52","15.52","-","0.03","15.52","13","15.53","29","0.00",
="01008T","駿馬R1","1,751,000","198","32,632,580","18.80","18.80","18.35","18.40","-","0.60","18.40","108","18.49","21","0.00",
"1101","台泥","3,456,118","1,603","159,829,430","46.65","46.65","46.10","46.30"," ","0.00","46.20","16","46.30","321","15.48",
"1102","亞泥","1,717,160","922","67,270,772","39.25","39.35","38.95","39.30","+","0.15","39.20","8","39.30","509","15.66",
"1103","嘉泥","151,910","71","2,181,407","14.45","14.45","14.30","14.35"," ","0.00","14.35","1","14.40","38","7.59",
"1104","環泥","198,925","96","5,303,362","26.25","26.80","26.25","26.60"," ","0.00","26.55","71","26.60","1","12.49",
"1108","幸福","683,002","173","6,985,320","10.10","10.35","10.10","10.20"," ","0.00","10.20","1","10.25","115","14.37",
"1109","信大","77,011","43","1,039,547","13.70","13.70","13.40","13.40","-","0.30","13.45","1","13.50","10","15.40",
"1110","東泥","71,052","27","1,084,895","15.25","15.40","15.20","15.40"," ","0.00","15.20","6","15.40","8","51.33",
"1201","味全","8,740,712","3,014","227,616,818","26.50","26.90","25.50","25.75","-","0.75","25.75","1","25.80","7","17.28",
"1203","味王","31,390","35","700,172","22.30","22.40","22.25","22.35","-","0.05","22.30","11","22.35","4","20.89",
"1210","大成","1,609,294","724","44,383,360","27.50","27.85","27.35","27.35","-","0.25","27.35","88","27.45","1","6.57",
"1213","大飲","52,002","34","988,788","19.00","19.10","18.95","19.10","+","0.15","19.05","11","19.10","16","59.69",
"1215","卜蜂","609,904","309","15,390,300","25.35","25.45","25.00","25.00","-","0.35","24.95","43","25.00","1","7.74",
"1216","統一","25,864,145","7,806","1,294,406,077","51.40","51.60","49.00","50.30","-","1.10","50.20","62","50.30","122","19.20",
"1217","愛之味","595,212","211","4,813,915","8.13","8.14","8.05","8.10","-","0.01","8.10","19","8.11","8","0.00",
"1218","泰山","301,110","117","3,418,541","11.45","11.45","11.30","11.30","-","0.15","11.30","117","11.35","11","0.00",
"1219","福壽","162,418","56","2,470,202","15.10","15.30","15.10","15.30","+","0.20","15.20","2","15.30","8","38.25",
"1220","台榮","33,024","13","333,542","10.10","10.10","10.10","10.10"," ","0.00","10.05","2","10.10","17","25.90",
"1225","福懋油","706,154","287","14,796,434","20.70","21.30","20.50","21.15","+","0.45","21.10","12","21.15","20","81.35",
"1227","佳格","322,049","249","22,218,987","69.30","69.70","68.70","68.90","-","0.70","68.90","7","69.00","75","26.81",
"1229","聯華","310,578","148","6,108,723","19.65","19.70","19.60","19.65"," ","0.00","19.65","4","19.70","3","8.85",
"1231","聯華食","103,567","85","3,252,071","31.80","31.80","31.25","31.25","-","0.55","31.25","24","31.45","6","18.38",
"1232","大統益","60,254","62","4,300,281","71.50","72.20","71.10","71.20","-","0.30","71.20","1","71.30","1","15.21",
"1233","天仁","5,098","8","235,685","46.20","46.30","46.20","46.20"," ","0.00","46.20","8","46.80","1","17.11",
"1234","黑松","679,799","353","25,474,022","36.90","38.10","36.90","37.60","+","0.70","37.55","34","37.60","4","17.82",
"1235","興泰","141,002","81","3,393,098","24.35","24.40","23.90","24.00","-","0.25","24.00","34","24.15","4","19.20",
"1236","宏亞","64,622","56","1,549,594","24.05","24.05","23.90","23.90","-","0.25","23.95","1","24.20","3","12.71",
"1262","綠悅-KY","274,800","254","35,344,696","132.00","133.00","126.00","126.00","-","6.00","126.00","21","127.00","1","15.04",
"1301","台塑","2,235,953","983","156,588,792","69.80","70.50","69.80","69.80","-","0.60","69.80","375","70.00","3","19.23",
"1303","南亞","4,161,462","1,978","259,992,577","63.00","63.40","62.10","62.10","-","1.30","62.10","180","62.30","5","14.54",
"1304","台聚","521,152","233","7,491,570","14.45","14.55","14.30","14.35","-","0.10","14.30","45","14.40","79","22.08",
"1305","華夏","594,739","374","6,645,270","11.25","11.25","11.10","11.25","-","0.05","11.15","85","11.25","66","12.50",
"1307","三芳","152,683","144","4,432,006","29.40","29.40","28.80","29.00","-","0.40","28.95","4","29.00","1","11.28",
"1308","亞聚","277,756","162","5,684,078","20.60","20.65","20.35","20.45","-","0.20","20.45","1","20.50","30","18.59",
"1309","台達化","176,460","107","1,492,858","8.59","8.59","8.40","8.43","-","0.10","8.40","6","8.45","5","0.00",
"1310","台苯","1,969,169","761","25,968,899","13.25","13.30","13.10","13.10","-","0.20","13.10","136","13.15","6","5.67",
"1312","國喬","1,252,239","527","18,088,784","14.60","14.65","14.30","14.30"," ","0.00","14.25","50","14.30","14","9.35",
"1312A","國喬特","0","0","0","--","--","--","--"," ","0.00","20.60","1","20.65","1","0.00",
"1313","聯成","302,990","100","3,110,192","10.15","10.30","10.15","10.25"," ","0.00","10.25","77","10.30","227","36.61",
"1314","中石化","7,522,632","1,979","71,323,437","9.55","9.60","9.41","9.41","-","0.10","9.41","90","9.42","11","0.00",
"1315","達新","14,122","30","409,738","29.00","29.10","29.00","29.10","+","0.10","28.85","4","29.10","1","46.19",
"1316","上曜","163,002","59","1,941,474","11.70","12.10","11.70","12.05","+","0.35","12.00","14","12.05","10","0.00",
"1319","東陽","3,030,473","1,433","97,151,000","31.70","32.50","31.45","32.15","+","0.45","32.10","50","32.15","4","14.82",
"1321","大洋","88,040","58","3,239,605","36.50","37.30","36.50","36.65","-","0.50","36.60","4","36.95","1","0.00",
"1323","永裕","93,000","66","2,883,148","31.35","31.50","30.85","31.15"," ","0.00","31.00","5","31.15","3","11.45",
"1324","地球","12,000","8","160,400","13.25","13.55","13.25","13.25","-","0.05","13.25","4","13.40","3","23.66",
"1325","恆大","848,776","365","17,605,839","20.85","20.95","20.60","20.95","+","0.05","20.90","80","20.95","27","42.76",
"1326","台化","1,981,437","908","138,862,534","69.80","70.30","69.70","70.20","+","0.20","70.10","17","70.20","18","18.82",
"1337","再生-KY","1,015,451","485","37,883,821","37.55","37.75","37.00","37.00","-","0.55","37.00","62","37.25","4","5.61",
"1338","廣華-KY","277,161","236","27,165,645","97.80","98.70","97.50","98.10","+","0.30","98.00","2","98.10","1","12.51",
"1339","昭輝","27,005","21","2,549,874","94.90","94.90","93.80","94.00","-","0.90","93.90","5","94.60","4","24.61",
"1340","勝悅-KY","134,500","117","13,098,797","97.80","98.30","96.80","97.20","-","0.60","97.00","1","97.20","1","9.44",
"1402","遠東新","6,448,562","1,709","201,835,984","31.55","31.70","31.05","31.25","-","0.45","31.20","10","31.25","17","16.71",
"1409","新纖","2,376,081","670","26,212,018","11.00","11.10","10.95","10.95","-","0.05","10.95","45","11.00","39","12.73",
"1410","南染","41,961","40","1,063,758","25.40","25.40","25.15","25.35","-","0.05","25.25","1","25.35","1","25.35",
"1413","宏洲","477,486","122","1,574,065","3.23","3.35","3.23","3.35","+","0.12","3.35","22","3.38","8","0.00",
"1414","東和","170,036","48","1,370,220","8.09","8.12","8.02","8.08"," ","0.00","8.08","7","8.10","6","22.44",
"1416","廣豐","194,508","115","3,192,979","16.30","16.60","16.30","16.50","-","0.10","16.50","4","16.55","14","25.38",
"1417","嘉裕","518,010","177","4,056,400","7.88","7.90","7.79","7.87","-","0.01","7.85","5","7.87","7","19.20",
"1418","東華","43,554","13","301,287","6.97","6.98","6.88","6.90","+","0.02","6.91","5","6.98","7","0.00",
"1419","新紡","60,070","42","2,398,455","40.00","40.10","39.60","39.60","-","0.10","39.50","11","39.75","10","104.21",
"1423","利華","141,066","31","1,075,713","7.68","7.68","7.60","7.60","-","0.05","7.59","1","7.60","10","0.00",
"1432","大魯閣","266,056","134","5,418,322","20.60","20.70","20.20","20.20","-","0.25","20.15","8","20.20","4","0.00",
"1434","福懋","493,300","329","14,967,304","30.30","30.40","30.15","30.40","+","0.10","30.35","29","30.40","52","22.86",
"1435","中福","104,000","23","601,010","5.77","5.79","5.70","5.70","-","0.07","5.70","18","5.78","1","0.00",
"1436","華友聯","32,000","10","1,561,700","48.60","49.20","48.60","49.20","+","0.60","49.00","1","49.10","1","13.55",
"1437","勤益控","220,139","107","4,695,646","21.35","21.50","21.25","21.30","-","0.15","21.30","7","21.35","8","0.00",
"1438","三地開發","36,298","14","208,409","5.78","5.80","5.72","5.72","-","0.10","5.72","16","5.88","10","52.00",
"1439","雋揚","38,173","13","514,402","13.50","13.50","13.45","13.50"," ","0.00","13.50","2","13.55","1","0.00",
"1440","南紡","738,438","346","12,329,280","16.85","16.85","16.60","16.60","-","0.25","16.60","58","16.65","1","36.09",
"1441","大東","71,724","46","668,288","9.27","9.47","9.23","9.41","+","0.14","9.32","2","9.41","2","0.00",
"1442","名軒","227,630","111","5,301,429","23.20","23.50","23.20","23.50","+","0.15","23.30","1","23.50","11","9.48",
"1443","立益物流","6,990","7","47,971","6.88","6.88","6.84","6.84","-","0.04","6.83","6","6.91","1","0.00",
"1444","力麗","272,918","98","2,392,076","8.85","8.85","8.74","8.78","-","0.02","8.78","8","8.79","7","19.95",
"1445","大宇","37,092","21","328,581","8.87","8.87","8.85","8.86","+","0.02","8.82","1","8.86","23","27.69",
"1446","宏和","69,000","24","1,969,800","28.65","28.65","28.45","28.60","+","0.15","28.55","1","28.60","3","0.00",
"1447","力鵬","1,744,254","553","18,569,788","10.85","10.85","10.55","10.60","-","0.15","10.55","231","10.60","14","12.47",
"1449","佳和","559,563","42","775,456","1.37","1.39","1.37","1.39","+","0.01","1.39","79","1.40","19","0.00",
"1451","年興","97,278","69","2,437,804","25.15","25.20","25.00","25.00","-","0.05","25.00","35","25.10","10","13.74",
"1452","宏益","212,011","58","2,557,332","12.15","12.15","12.00","12.05","-","0.05","12.05","24","12.10","15","8.67",
"1453","大將","49,224","32","417,504","8.53","8.57","8.45","8.45","-","0.08","8.45","7","8.52","8","0.00",
"1454","台富","13,115","19","101,174","7.73","7.75","7.69","7.69","-","0.02","7.69","2","7.73","6","27.46",
"1455","集盛","214,626","119","1,836,131","8.56","8.65","8.51","8.51","-","0.02","8.51","12","8.52","2","34.04",
"1456","怡華","199","1","1,337","--","--","--","--"," ","0.00","7.00","3","7.39","1","0.00",
"1457","宜進","100,917","46","800,645","7.99","7.99","7.84","7.90","-","0.03","7.90","19","7.91","5","8.40",
"1459","聯發","178,052","44","1,701,094","9.53","9.60","9.52","9.53","+","0.01","9.53","1","9.58","2","12.88",
"1460","宏遠","692,933","318","9,924,045","14.60","14.60","14.15","14.35","-","0.15","14.30","3","14.35","10","25.18",
"1463","強盛","229,016","96","3,466,893","15.00","15.20","15.00","15.05","+","0.05","15.05","11","15.10","2","31.35",
"1464","得力","67,019","36","759,811","11.60","11.60","11.20","11.35","-","0.10","11.20","5","11.40","7","0.00",
"1465","偉全","22,000","26","338,298","15.45","15.45","15.30","15.45","+","0.05","15.45","13","15.50","44","11.53",
"1466","聚隆","137,360","98","2,672,478","19.50","19.60","19.35","19.35","-","0.35","19.35","27","19.45","11","21.74",
"1467","南緯","205,465","75","2,698,638","13.10","13.20","13.05","13.15","+","0.05","13.10","33","13.20","10","27.40",
"1468","昶和","27,000","16","283,900","10.35","10.90","10.35","10.90","+","0.20","10.40","4","10.60","12","0.00",
"1469","理隆","9,001","9","108,311","12.00","12.20","11.80","12.15","-","0.05","11.95","5","12.15","2","607.50",
"1470","大統新創","4,017","4","71,750","18.00","18.00","17.55","17.55","-","0.20","17.50","1","17.90","1","26.19",
"1471","首利","108,123","68","891,007","8.29","8.29","8.20","8.22","-","0.07","8.22","32","8.26","4","0.00",
"1472","三洋實業","15,000","13","501,650","34.00","34.00","32.40","33.00","-","0.50","32.90","1","33.00","12","0.00",
"1473","台南","58,160","47","1,478,785","25.65","25.65","25.30","25.60","+","0.25","25.45","2","25.60","7","40.00",
"1474","弘裕","14,010","9","113,562","8.09","8.18","8.08","8.18","-","0.01","8.09","3","8.19","2","15.15",
"1475","業旺","16,000","13","243,650","15.25","15.30","15.20","15.20","-","0.20","15.25","1","15.85","7","0.00",
"1476","儒鴻","1,228,057","1,023","351,784,653","288.00","291.00","283.50","283.50","-","4.00","283.50","1","284.00","8","26.08",
"1477","聚陽","1,458,802","1,143","236,906,424","164.50","165.00","161.00","162.00","-","2.00","161.50","3","162.00","188","18.39",
"1503","士電","47,135","47","1,874,351","39.50","39.95","39.50","39.95","+","0.25","39.95","1","40.00","14","16.11",
"1504","東元","3,339,716","1,201","113,122,626","33.75","34.20","33.55","33.85"," ","0.00","33.85","2","33.90","144","15.82",
"1506","正道","641,352","218","14,185,794","22.55","22.55","21.90","22.10","-","0.45","22.05","8","22.10","5","0.00",
"1507","永大","1,102,855","418","75,248,908","68.00","68.50","68.00","68.00","+","0.10","68.00","145","68.30","21","14.26",
"1512","瑞利","327,517","127","2,003,161","6.19","6.19","6.06","6.19"," ","0.00","6.19","5","6.21","10","0.00",
"1513","中興電","537,468","208","10,406,245","19.25","19.45","19.25","19.45","+","0.20","19.40","79","19.45","65","15.44",
"1514","亞力","143,251","52","1,181,265","8.35","8.35","8.23","8.27","-","0.08","8.24","5","8.27","15","48.65",
"1515","力山","283,380","128","3,181,505","11.30","11.30","11.15","11.25","-","0.10","11.25","8","11.30","41","21.63",
"1516","川飛","2,544","6","36,887","14.50","14.80","14.50","14.80","X","0.00","--","0","14.80","1","47.74",
"1517","利奇","123,010","80","1,639,030","13.35","13.40","13.25","13.25","-","0.05","13.25","39","13.35","1","9.74",
"1519","華城","66,623","49","986,638","14.90","14.90","14.75","14.85"," ","0.00","14.80","3","14.85","3","26.52",
"1521","大億","40,000","25","2,866,000","71.40","72.00","71.30","71.60","+","0.30","71.60","3","71.90","6","14.18",
"1522","堤維西","230,096","104","3,883,306","16.85","17.00","16.80","16.85","+","0.10","16.85","3","16.90","12","56.17",
"1524","耿鼎","102,141","44","704,386","6.97","6.97","6.86","6.93","-","0.02","6.92","1","6.93","28","0.00",
"1525","江申","365,003","259","20,110,566","56.50","56.50","54.50","55.00","-","0.80","54.90","7","55.10","1","11.46",
"1526","日馳","96,016","60","1,188,543","12.25","12.50","12.25","12.35","+","0.20","12.30","39","12.40","10","14.70",
"1527","鑽全","891,149","550","33,764,973","37.65","38.30","37.55","37.85","+","0.25","37.85","9","37.90","99","13.01",
"1528","恩德","36,057","21","402,032","11.10","11.20","11.00","11.10","+","0.05","11.10","2","11.15","10","24.13",
"1529","樂事綠能","113,000","11","487,030","4.31","4.31","4.31","4.31"," ","0.00","4.31","8","4.40","10","0.00",
"1530","亞崴","39,000","28","1,585,900","41.50","41.50","40.30","41.40","+","0.10","41.00","4","41.45","1","17.11",
"1531","高林股","261,000","172","5,317,200","20.40","20.45","20.30","20.40","+","0.10","20.35","16","20.40","1","18.21",
"1532","勤美","424,235","266","10,441,864","24.60","25.10","24.50","24.50","-","0.30","24.50","51","24.55","3","3.34",
"1533","車王電","708,050","517","44,706,779","64.10","64.20","62.30","62.70","-","0.90","62.60","20","62.70","11","23.31",
"1535","中宇","33,435","28","2,019,216","60.20","60.50","60.20","60.40","+","0.30","60.50","2","60.60","1","13.27",
"1536","和大","1,579,605","1,006","86,550,135","55.10","55.30","54.40","54.80","+","0.20","54.80","46","54.90","14","22.19",
"1537","廣隆","267,047","217","28,053,435","106.00","106.00","104.50","105.00"," ","0.00","104.50","4","105.00","8","15.70",
"1539","巨庭","1,632,045","689","25,404,215","14.90","15.90","14.75","15.90","+","1.00","15.90","282","--","0","11.61",
"1540","喬福","114,000","61","2,595,550","22.90","22.95","22.60","22.70","-","0.10","22.70","6","22.75","2","13.27",
"1541","錩泰","372,000","223","5,866,950","16.35","16.35","15.30","15.95","-","0.40","15.85","4","15.95","16","113.93",
"1560","中砂","1,034,033","826","65,386,395","62.10","64.00","62.00","63.20","+","1.20","63.20","11","63.30","5","14.04",
"1568","倉佑","62,100","52","1,283,929","20.80","20.90","20.50","20.75","-","0.05","20.55","3","20.80","4","19.39",
"1582","信錦","337,500","226","20,056,650","59.70","59.80","59.00","59.50","+","0.20","59.30","11","59.50","42","12.29",
"1583","程泰","46,420","47","3,258,340","71.40","71.40","69.90","70.10","-","0.90","70.10","18","70.50","6","15.34",
"1589","永冠-KY","576,406","459","71,754,141","125.00","125.50","123.50","123.50","-","1.50","123.00","31","124.00","7","14.83",
"1590","亞德客-KY","1,051,283","943","239,466,958","221.00","233.00","218.00","227.00","+","7.00","227.00","5","229.00","1","21.60",
"1592","英瑞-KY","126,000","103","4,072,300","32.15","32.60","32.10","32.10","-","0.05","32.10","6","32.15","2","7.20",
"1603","華電","125,369","38","1,492,140","12.00","12.00","11.85","12.00","+","0.05","11.95","1","12.00","51","13.48",
"1604","聲寶","384,548","183","4,676,175","12.25","12.25","12.10","12.20","+","0.05","12.10","52","12.20","68","12.84",
"1605","華新","4,734,942","1,050","48,069,546","10.15","10.20","10.10","10.20","+","0.10","10.15","122","10.20","502","0.00",
"1608","華榮","88,554","30","889,690","10.05","10.05","10.00","10.05"," ","0.00","10.05","2","10.10","10","7.67",
"1609","大亞","683,354","157","4,439,975","6.55","6.58","6.48","6.50"," ","0.00","6.48","42","6.50","29","15.48",
"1611","中電","179,035","60","1,963,030","11.00","11.05","10.85","11.00","+","0.05","10.85","22","11.00","48","0.00",
"1612","宏泰","101,021","61","1,014,968","10.00","10.10","10.00","10.05","+","0.05","10.00","38","10.05","1","15.70",
"1613","台一","196,025","74","990,795","5.10","5.10","5.02","5.10","+","0.03","5.10","4","5.11","3","0.00",
"1614","三洋電","158,001","65","4,938,781","31.30","31.35","31.10","31.15","-","0.15","31.15","1","31.20","10","33.14",
"1615","大山","230,350","103","2,571,794","11.00","11.35","10.90","11.30","+","0.35","11.30","4","11.35","2","14.87",
"1616","億泰","182,124","48","1,012,013","5.58","5.59","5.51","5.59","-","0.01","5.53","1","5.59","5","0.00",
"1617","榮星","16,000","12","124,390","7.79","7.82","7.73","7.81","-","0.02","7.72","1","7.81","3","39.05",
"1618","合機","48,667","24","391,745","8.03","8.09","8.00","8.07","+","0.05","8.07","2","8.09","12","0.00",
"1626","艾美特-KY","28,000","20","992,950","35.60","35.70","35.20","35.50"," ","0.00","35.20","3","35.50","3","0.00",
"1701","中化","238,089","139","4,938,477","20.70","20.85","20.65","20.75","+","0.15","20.75","12","20.80","13","23.85",
"1702","南僑","4,165,324","2,310","197,017,840","48.35","48.70","46.45","47.00","-","1.35","46.95","7","47.00","21","11.93",
"1704","榮化","1,685,179","724","24,963,227","15.10","15.10","14.60","14.65","+","0.05","14.65","47","14.70","38","0.00",
"1707","葡萄王","137,130","128","17,592,530","129.00","129.00","127.50","128.50"," ","0.00","128.00","8","128.50","11","19.29",
"1708","東鹼","1,233,094","697","45,201,906","37.30","37.30","36.30","36.50","-","0.50","36.45","14","36.50","5","11.34",
"1709","和益","96,222","45","1,198,446","12.60","12.60","12.35","12.50"," ","0.00","12.45","10","12.50","28","20.49",
"1710","東聯","1,617,560","784","37,778,201","23.50","23.70","23.10","23.10","-","0.40","23.10","130","23.35","8","19.91",
"1711","永光","2,104,738","1,142","53,017,488","25.50","25.50","25.00","25.20","-","0.35","25.20","8","25.25","15","15.27",
"1712","興農","919,361","248","15,305,671","16.60","16.75","16.55","16.65","+","0.05","16.65","67","16.70","34","9.79",
"1713","國化","11,018","21","164,320","15.00","15.00","14.90","14.90"," ","0.00","14.85","13","14.90","1","27.09",
"1714","和桐","840,859","273","8,844,611","10.55","10.60","10.45","10.45","-","0.05","10.45","85","10.50","4","30.74",
"1715","萬洲","262,348","139","4,571,703","17.50","17.50","17.35","17.40","-","0.10","17.35","50","17.40","4","15.00",
"1717","長興","494,085","274","14,743,750","29.90","29.95","29.75","29.90"," ","0.00","29.90","30","29.95","20","13.84",
"1718","中纖","9,157,607","2,002","79,298,972","8.48","8.74","8.48","8.66","+","0.18","8.65","10","8.66","1","30.93",
"1720","生達","271,072","190","10,096,500","37.25","37.45","37.00","37.30","-","0.15","37.20","3","37.30","35","22.74",
"1721","三晃","76,027","40","799,729","10.60","10.65","10.45","10.50","-","0.10","10.50","1","10.65","1","131.25",
"1722","台肥","1,933,980","1,182","104,496,914","53.60","54.30","53.50","54.10","+","0.60","54.10","7","54.20","99","142.37",
"1723","中碳","443,637","414","70,877,057","159.50","161.00","159.00","160.00","-","0.50","159.50","9","160.00","276","15.76",
"1724","台硝","28,100","13","418,939","14.90","15.00","14.85","14.90","-","0.10","14.90","10","15.00","2","0.00",
"1725","元禎","14,135","14","191,808","13.75","13.75","13.50","13.70","-","0.05","13.65","1","13.70","1","18.77",
"1726","永記","27,160","27","2,185,180","81.50","81.50","80.20","80.40","+","0.40","80.30","5","80.70","1","12.27",
"1727","中華化","92,694","47","1,643,181","17.80","17.80","17.60","17.80","+","0.10","17.75","34","17.80","8","14.83",
"1729","必翔","3,589,758","1,389","206,046,006","57.30","58.10","56.40","57.30","+","0.10","57.30","18","57.40","4","0.00",
"1730","花仙子","271,180","158","7,843,391","29.30","29.40","28.70","28.90","-","0.25","28.90","3","28.95","5","7.49",
"1731","美吾華","138,103","98","1,952,351","14.20","14.30","14.00","14.20","-","0.05","14.10","6","14.20","7","22.19",
"1732","毛寶","1,008,002","422","16,308,331","16.30","16.50","15.95","16.00","-","0.25","15.95","37","16.15","8","0.00",
"1733","五鼎","46,103","47","2,185,071","47.70","48.00","47.10","47.30","-","0.50","47.30","6","47.40","2","22.31",
"1734","杏輝","732,344","400","31,151,916","42.70","42.95","42.40","42.40","-","0.20","42.40","9","42.45","3","25.09",
"1735","日勝化","38,000","25","409,350","10.70","10.90","10.65","10.80","+","0.05","10.65","1","10.80","1","29.19",
"1736","喬山","324,200","234","22,749,478","70.60","70.90","69.70","69.90","-","0.70","69.90","2","70.00","2","10.31",
"1737","臺鹽","117,146","62","2,831,071","24.30","24.30","24.10","24.20","+","0.05","24.20","2","24.25","8","26.89",
"1762","中化生","37,000","25","1,206,550","32.45","32.80","32.45","32.60","-","0.15","32.60","12","32.80","1","55.25",
"1773","勝一","27,482","33","1,205,831","43.95","44.10","43.70","43.90","-","0.05","43.70","10","43.95","7","11.52",
"1783","和康生","227,007","155","9,797,723","43.80","43.85","42.75","43.00","-","0.60","43.00","27","43.25","3","1,075.00",
"1786","科妍","268,188","249","23,713,291","90.00","90.00","87.00","87.20","-","2.00","87.10","5","87.20","3","167.69",
"1789","神隆","438,771","380","26,479,428","60.40","61.00","60.00","60.00","-","0.40","60.00","85","60.30","1","46.51",
"1802","台玻","425,426","235","9,859,522","23.10","23.30","23.00","23.30","+","0.25","23.25","5","23.30","47","0.00",
"1805","寶徠","11,000","9","127,400","11.60","11.60","11.50","11.60","+","0.15","11.45","2","11.60","1","3.31",
"1806","冠軍","146,000","61","1,413,120","9.67","9.71","9.61","9.65","+","0.03","9.65","14","9.68","5","15.82",
"1808","潤隆","37,556","26","1,053,822","28.05","28.20","28.00","28.20","+","0.15","28.20","2","28.40","4","55.29",
"1809","中釉","45,651","35","632,998","13.95","13.95","13.80","13.85"," ","0.00","13.80","29","13.95","2","15.56",
"1810","和成","244,900","76","2,561,409","10.50","10.50","10.40","10.45","+","0.05","10.45","7","10.50","61","12.29",
"1817","凱撒衛","28,250","26","854,775","30.50","30.50","30.10","30.10","-","0.20","30.10","16","30.40","1","13.44",
"1902","台紙","136,417","60","1,514,496","11.15","11.15","11.10","11.15"," ","0.00","11.10","19","11.15","28","0.00",
"1903","士紙","109,007","111","4,216,866","38.70","38.90","38.50","38.60","-","0.35","38.60","12","38.65","1","0.00",
"1904","正隆","835,562","194","11,169,091","13.40","13.40","13.35","13.40","+","0.05","13.35","1","13.40","603","22.33",
"1905","華紙","164,417","82","1,415,354","8.60","8.63","8.59","8.62","+","0.04","8.59","34","8.62","3","0.00",
"1906","寶隆","192,278","74","2,386,524","12.50","12.50","12.30","12.50","-","0.10","12.40","1","12.50","17","9.84",
"1907","永豐餘","747,306","258","9,525,967","12.75","12.80","12.70","12.80","+","0.05","12.75","7","12.80","164","106.67",
"1909","榮成","740,178","370","11,190,675","15.25","15.25","15.05","15.05","-","0.15","15.05","124","15.15","28","14.47",
"2002","中鋼","10,378,445","3,491","269,657,205","25.95","26.10","25.85","26.10","+","0.15","25.95","43","26.10","449","24.62",
"2002A","中鋼特","0","0","0","--","--","--","--"," ","0.00","41.40","4","41.90","2","0.00",
"2006","東和鋼鐵","755,268","433","18,009,157","23.85","23.95","23.80","23.80","-","0.05","23.80","164","23.90","24","12.14",
"2007","燁興","253,763","107","1,441,269","5.80","5.80","5.65","5.69","-","0.16","5.68","9","5.72","3","0.00",
"2008","高興昌","44,779","39","475,877","10.70","10.75","10.55","10.55","-","0.15","10.55","56","10.70","12","0.00",
"2009","第一銅","115,623","34","1,185,821","10.30","10.30","10.20","10.20","-","0.10","10.20","16","10.30","19","17.59",
"2010","春源","108,045","61","1,221,268","11.30","11.35","11.25","11.30"," ","0.00","11.25","72","11.35","21","14.49",
"2012","春雨","46,136","25","599,252","12.90","13.10","12.90","13.05","+","0.15","13.00","20","13.10","8","34.34",
"2013","中鋼構","38,003","28","1,037,683","27.20","27.40","27.20","27.25","+","0.05","27.20","15","27.30","2","16.62",
"2014","中鴻","530,871","148","3,879,282","7.29","7.33","7.29","7.30","+","0.01","7.30","150","7.31","2","45.63",
"2015","豐興","435,270","331","16,482,994","37.55","38.15","37.55","38.05","+","0.50","38.05","5","38.10","4","13.74",
"2017","官田鋼","256,895","114","1,598,100","6.18","6.26","6.18","6.25","+","0.02","6.22","1","6.25","1","0.00",
"2020","美亞","124,171","74","1,791,240","14.40","14.45","14.40","14.45","+","0.05","14.40","17","14.45","20","16.06",
"2022","聚亨","1,037,799","257","5,955,414","5.63","5.95","5.60","5.90","+","0.27","5.90","5","5.91","2","0.00",
"2023","燁輝","679,735","260","6,033,640","8.88","8.92","8.85","8.91","-","0.01","8.89","3","8.91","3","20.25",
"2024","志聯","182,611","73","1,568,891","8.56","8.69","8.55","8.67","-","0.02","8.67","2","8.68","32","9.03",
"2025","千興","2,626,101","679","14,229,788","5.46","5.55","5.36","5.38","-","0.08","5.37","34","5.38","148","0.00",
"2027","大成鋼","1,160,871","557","21,254,485","18.50","18.50","18.20","18.30","-","0.30","18.30","86","18.35","9","14.08",
"2028","威致","166,010","63","699,970","4.22","4.27","4.20","4.20","-","0.02","4.20","17","4.25","17","0.00",
"2029","盛餘","25,106","18","498,548","19.90","19.90","19.80","19.80","-","0.05","19.80","5","19.95","5","16.92",
"2030","彰源","453,279","170","5,575,427","12.60","12.60","12.20","12.20","-","0.40","12.20","15","12.30","54","15.84",
"2031","新光鋼","128,242","71","2,202,593","17.15","17.25","17.10","17.25","+","0.10","17.20","6","17.25","2","15.13",
"2032","新鋼","152,210","36","1,692,991","11.10","11.20","11.10","11.15"," ","0.00","11.15","3","11.20","26","15.07",
"2033","佳大","116,000","27","1,046,300","9.12","9.12","9.00","9.09","-","0.03","9.01","53","9.09","3","0.00",
"2034","允強","1,718,763","820","39,359,673","23.35","23.35","22.55","22.70","-","0.65","22.70","14","22.80","3","10.41",
"2038","海光","48,000","20","382,150","7.90","8.00","7.90","7.99","-","0.01","7.95","17","7.96","2","0.00",
"2049","上銀","6,015,042","4,948","1,358,145,125","227.00","230.00","220.00","229.50","+","4.00","229.00","18","229.50","15","25.90",
"2059","川湖","272,120","255","107,957,219","398.00","398.50","394.00","395.50","+","2.50","395.50","9","397.00","50","26.31",
"2062","橋椿","567,000","350","27,612,950","48.80","49.25","48.10","48.10","-","0.70","48.10","15","48.50","2","12.66",
"2101","南港","1,803,504","708","61,427,079","34.40","34.50","33.85","33.95","-","0.30","33.95","13","34.00","12","37.72",
"2102","泰豐","930,870","233","16,626,565","17.90","18.00","17.75","17.80","-","0.15","17.80","107","17.85","3","14.24",
"2103","台橡","1,292,038","914","45,201,880","34.65","35.25","34.65","34.80","+","0.25","34.80","45","34.90","1","30.80",
"2104","國際中橡","480,533","251","15,191,361","31.70","31.70","31.55","31.65","-","0.05","31.65","19","31.70","42","18.51",
"2105","正新","12,516,620","6,395","914,665,748","72.00","73.60","72.00","73.50","+","1.70","73.30","16","73.50","528","14.24",
"2106","建大","3,087,563","1,665","197,943,546","64.00","64.70","63.70","63.90","+","0.20","63.80","9","63.90","7","14.56",
"2107","厚生","1,048,518","670","34,836,265","33.05","33.35","33.05","33.30","+","0.25","33.20","1","33.30","6","5.89",
"2108","南帝","211,201","128","3,268,524","15.35","15.60","15.35","15.55","+","0.25","15.55","8","15.60","22","51.83",
"2109","華豐","1,642,433","331","37,195,855","22.60","22.85","22.30","22.60"," ","0.00","22.60","43","22.75","1","23.30",
"2114","鑫永銓","38,354","32","4,240,940","111.00","111.00","110.00","111.00"," ","0.00","110.50","1","111.00","9","15.25",
"2115","六暉-KY","335,200","260","21,793,760","64.80","65.50","64.70","64.70","-","0.10","64.60","9","64.80","5","40.95",
"2201","裕隆","845,128","607","37,421,415","44.45","44.70","44.00","44.50","+","0.20","44.40","5","44.50","100","40.09",
"2204","中華","325,791","248","9,113,888","28.20","28.20","27.80","27.80","-","0.40","27.80","3","27.90","7","13.76",
"2206","三陽工業","1,534,254","539","41,394,567","26.90","27.20","26.90","26.90","+","0.05","26.90","2","26.95","1","0.00",
"2207","和泰車","125,797","123","56,592,953","451.00","451.50","445.50","451.00","+","5.50","450.50","1","451.00","31","28.56",
"2208","台船","186,116","103","2,983,656","15.95","16.10","15.95","16.00","+","0.05","16.00","18","16.05","12","50.00",
"2227","裕日車","172,580","170","49,137,360","284.00","286.50","284.00","284.50","+","0.50","284.50","1","285.50","1","12.71",
"2228","劍麟","273,203","205","31,965,351","116.50","117.50","116.50","117.50","+","1.50","117.00","1","117.50","18","18.89",
"2231","為升","655,988","583","210,399,688","319.50","324.00","316.50","317.50"," ","0.00","317.50","15","318.00","3","39.74",
"2301","光寶科","3,142,075","1,634","133,369,301","43.15","43.15","42.20","42.25","-","0.75","42.25","306","42.35","2","11.58",
"2302","麗正","229,856","76","1,415,927","6.20","6.22","6.13","6.16","-","0.09","6.15","13","6.16","6","0.00",
"2303","聯電","31,673,224","6,247","421,206,506","13.40","13.40","13.20","13.40","+","0.05","13.35","534","13.40","4,245","20.00",
"2305","全友","363,184","122","2,154,345","5.90","6.02","5.90","5.90","-","0.02","5.89","18","5.94","5","0.00",
"2308","台達電","12,121,766","7,558","2,069,167,486","174.00","175.50","169.00","170.00","-","4.00","170.00","95","170.50","13","20.31",
"2311","日月光","27,228,521","5,818","994,073,956","36.90","37.00","36.20","36.75","-","0.25","36.60","83","36.75","490","15.57",
"2312","金寶","6,222,739","1,309","84,017,844","13.60","13.70","13.40","13.40","-","0.10","13.40","162","13.45","4","0.00",
"2313","華通","13,830,436","3,027","229,754,394","16.85","16.90","16.35","16.45","-","0.40","16.45","63","16.50","81","10.54",
"2314","台揚","442,506","223","6,456,326","14.60","14.80","14.45","14.45","-","0.15","14.45","2","14.60","1","0.00",
"2316","楠梓電","398,301","157","5,457,687","13.80","13.80","13.65","13.65","-","0.10","13.65","39","13.75","2","12.19",
"2317","鴻海","16,066,083","7,557","1,571,748,738","98.50","98.50","97.40","98.20","+","0.70","98.10","60","98.20","209","11.39",
"2321","東訊","33,278","8","85,027","2.52","2.60","2.52","2.59","+","0.04","2.58","50","2.59","4","0.00",
"2323","中環","2,758,687","483","12,279,016","4.47","4.49","4.43","4.45","-","0.01","4.44","68","4.45","30","0.00",
"2324","仁寶","19,548,516","5,679","418,771,527","21.90","21.90","21.30","21.30","-","0.60","21.30","704","21.35","11","0.00",
"2325","矽品","18,538,381","2,576","794,027,751","43.40","43.40","42.60","43.00","+","0.05","42.95","150","43.00","1,244","13.52",
"2327","國巨","2,036,791","1,011","95,017,696","46.55","47.10","46.10","46.10","-","0.45","46.10","50","46.20","1","36.59",
"2328","廣宇","422,003","276","7,967,947","18.70","19.20","18.70","19.10","+","0.30","19.10","2","19.15","24","36.73",
"2329","華泰","4,777,713","1,160","59,550,691","12.80","12.80","12.25","12.30","-","0.30","12.30","45","12.35","61","47.31",
"2330","台積電","22,638,263","6,894","2,980,749,040","131.50","132.00","131.00","132.00"," ","0.00","131.50","1,967","132.00","700","16.75",
"2331","精英","7,309,372","2,805","193,469,645","25.80","27.20","25.80","27.10","+","1.30","27.10","74","27.15","75","3.99",
"2332","友訊","959,709","435","16,555,538","17.35","17.45","17.15","17.20","-","0.15","17.20","29","17.25","9","13.44",
"2337","旺宏","8,342,251","1,855","56,842,039","6.80","6.89","6.76","6.80","+","0.04","6.80","1","6.81","32","0.00",
"2338","光罩","147,000","60","1,386,220","9.42","9.47","9.39","9.40","+","0.01","9.40","29","9.44","4","31.33",
"2340","台亞","5,332,012","989","67,237,045","12.50","12.70","12.35","12.60","+","0.10","12.60","51","12.65","32","13.55",
"2342","茂矽","714,884","327","4,554,392","6.42","6.47","6.33","6.33","-","0.09","6.33","2","6.40","4","0.00",
"2344","華邦電","36,999,438","7,460","341,376,848","9.44","9.50","9.09","9.11","-","0.28","9.11","604","9.12","32","16.27",
"2345","智邦","527,289","296","8,124,782","15.45","15.55","15.35","15.35","-","0.10","15.35","76","15.40","4","12.79",
"2347","聯強","2,906,010","1,505","124,401,173","43.30","43.30","42.60","42.85","-","0.15","42.80","11","42.85","65","13.96",
"2348","海悅","0","0","0","--","--","--","--"," ","0.00","--","0","53.00","1","7.21",
"2349","錸德","4,052,938","694","13,757,345","3.43","3.44","3.35","3.39","-","0.04","3.39","93","3.40","337","0.00",
"2351","順德","383,165","165","15,144,884","39.20","39.80","39.00","39.50","+","0.25","39.50","2","39.60","2","12.78",
"2352","佳世達","9,994,419","2,696","139,333,905","14.20","14.20","13.85","13.90","-","0.20","13.90","43","13.95","33","12.99",
"2353","宏碁","7,672,865","2,593","159,803,736","21.00","21.10","20.65","20.65","-","0.20","20.65","214","20.70","32","0.00",
"2354","鴻準","10,198,983","5,491","839,686,691","81.50","83.50","81.40","81.60","+","0.10","81.60","49","81.70","3","18.67",
"2355","敬鵬","692,418","566","33,983,710","49.20","49.40","48.90","48.95","-","0.05","48.95","8","49.00","51","11.52",
"2356","英業達","13,676,211","4,428","292,515,622","21.50","21.85","21.10","21.25","-","0.35","21.20","269","21.25","52","10.79",
"2357","華碩","1,179,914","940","365,203,957","314.00","314.00","308.00","308.50","-","3.50","308.00","56","308.50","19","11.58",
"2358","廷鑫","108,160","53","1,435,769","13.45","13.50","13.20","13.20","-","0.10","13.15","16","13.25","2","0.00",
"2359","所羅門","629,487","229","11,672,828","18.40","18.70","18.35","18.65","+","0.30","18.60","1","18.65","5","21.44",
"2360","致茂","982,819","503","79,576,746","82.30","82.30","80.50","80.80","-","0.50","80.60","10","80.80","2","28.35",
"2361","鴻友","1,146","3","2,393","2.09","2.09","2.09","2.09","-","0.10","2.08","6","2.18","2","0.00",
"2362","藍天","696,180","460","37,390,228","54.10","54.10","53.20","53.80","-","0.30","53.80","45","54.10","8","19.21",
"2363","矽統","931,591","376","7,876,265","8.52","8.59","8.40","8.50","-","0.01","8.50","26","8.51","37","0.00",
"2364","倫飛","258,005","64","1,083,956","4.12","4.36","4.07","4.10","-","0.10","4.10","57","4.19","15","0.00",
"2365","昆盈","409,279","142","4,362,313","10.80","10.80","10.60","10.65","-","0.15","10.65","10","10.70","13","0.00",
"2367","燿華","2,420,491","756","29,357,242","12.25","12.30","12.00","12.00","-","0.25","12.00","74","12.05","61","80.00",
"2368","金像電","6,266,819","1,346","81,252,899","13.10","13.15","12.80","12.95"," ","0.00","12.95","7","13.00","219","0.00",
"2369","菱生","1,906,409","814","29,026,865","15.20","15.40","15.15","15.20"," ","0.00","15.20","14","15.25","4","21.71",
"2371","大同","1,891,587","371","16,266,204","8.63","8.65","8.57","8.57","-","0.08","8.57","111","8.59","19","19.93",
"2373","震旦行","383,468","120","19,207,629","50.20","50.30","49.95","50.10","-","0.40","49.95","21","50.10","40","13.50",
"2374","佳能","356,107","199","5,392,249","15.30","15.30","15.10","15.10","-","0.20","15.10","42","15.15","95","79.47",
"2376","技嘉","2,269,081","1,212","81,982,477","36.60","36.80","35.85","35.90","-","0.65","35.90","20","35.95","1","8.95",
"2377","微星","4,177,190","2,035","161,478,207","39.40","39.40","38.20","38.25","-","0.75","38.25","10","38.50","18","11.18",
"2379","瑞昱","3,906,990","2,524","386,714,608","100.50","100.50","98.30","98.40","-","1.60","98.40","29","98.50","2","14.80",
"2380","虹光","257,634","100","2,161,989","8.42","8.55","8.32","8.32","-","0.10","8.32","4","8.38","20","0.00",
"2382","廣達","2,999,312","1,312","229,885,498","76.40","77.10","76.20","76.50"," ","0.00","76.40","2","76.50","195","15.61",
"2383","台光電","10,639,988","4,413","397,852,381","37.60","38.00","36.95","37.25","+","0.85","37.25","97","37.30","42","11.68",
"2384","勝華","4,856,466","560","11,461,201","2.36","2.36","2.36","2.36","+","0.15","2.36","77,746","--","0","0.00",
"2385","群光","593,069","470","53,393,710","89.50","90.40","89.50","90.00","+","0.60","90.00","9","90.10","8","16.16",
"2387","精元","2,099,212","820","35,381,564","16.70","17.10","16.60","16.95","+","0.40","16.90","3","16.95","3","23.87",
"2388","威盛","769,051","353","14,284,586","18.40","18.75","18.40","18.50","-","0.15","18.50","4","18.55","12","0.00",
"2390","云辰","2,401,404","1,172","72,296,629","30.05","30.50","29.65","29.85","-","0.05","29.85","41","29.90","7","426.43",
"2392","正崴","805,154","459","41,409,496","51.80","52.00","51.20","51.30","-","0.20","51.30","10","51.40","6","15.45",
"2393","億光","2,589,530","1,389","152,052,848","59.50","59.50","58.40","58.40","-","0.60","58.40","91","58.60","28","14.11",
"2395","研華","3,110,223","2,315","606,859,985","204.00","204.00","192.50","194.00","-","10.00","194.00","26","195.00","8","24.74",
"2397","友通","116,180","71","4,108,490","35.20","35.55","35.20","35.20"," ","0.00","35.20","40","35.30","2","14.67",
"2399","映泰","122,104","51","1,347,038","11.05","11.10","11.00","11.00","-","0.10","11.00","5","11.05","1","18.03",
"2401","凌陽","1,921,622","530","22,280,948","11.65","11.70","11.50","11.50","-","0.05","11.50","122","11.55","3","31.08",
"2402","毅嘉","10,027,149","4,390","327,411,036","32.30","33.05","32.10","32.30","+","0.35","32.30","51","32.35","6","12.72",
"2404","漢唐","253,100","149","7,404,320","29.40","29.40","29.15","29.20","-","0.05","29.15","13","29.20","61","6.45",
"2405","輔信","695,030","255","5,826,478","8.43","8.45","8.31","8.40","-","0.03","8.37","59","8.40","45","22.70",
"2406","國碩","3,789,854","1,547","101,645,866","27.05","27.30","26.45","26.45","-","0.50","26.45","13","26.50","15","0.00",
"2408","南亞科","345,198","301","22,801,415","66.30","66.90","65.70","65.90","-","0.40","65.80","7","66.00","23","8.69",
"2409","友達","61,949,516","10,054","912,297,968","14.90","14.90","14.65","14.65","-","0.15","14.65","922","14.70","546","18.31",
"2412","中華電","4,103,707","1,414","379,506,675","92.50","92.60","92.30","92.40","-","0.10","92.30","22","92.40","233","17.60",
"2413","環科","150,076","69","1,530,167","10.30","10.35","10.10","10.15","-","0.05","10.15","6","10.20","9","0.00",
"2414","精技","180,017","88","3,197,751","17.80","17.90","17.65","17.65","-","0.15","17.65","12","17.70","2","13.27",
"2415","錩新","87,344","36","1,483,980","17.00","17.15","16.95","16.95","-","0.05","16.95","1","17.00","1","13.56",
"2417","圓剛","119,200","58","1,309,250","10.90","11.10","10.90","11.00","+","0.10","11.00","8","11.10","14","0.00",
"2419","仲琦","1,312,008","380","19,719,520","15.20","15.25","14.90","15.00","-","0.20","15.00","42","15.05","10","375.00",
"2420","新巨","256,284","175","8,789,119","34.20","34.60","34.05","34.05","+","0.05","34.05","11","34.30","6","10.41",
"2421","建準","739,500","330","14,655,923","19.95","20.10","19.65","19.70","-","0.20","19.65","53","19.70","7","12.71",
"2423","固緯","3,088,472","1,533","69,586,888","21.80","23.15","21.50","22.35","+","0.70","22.35","21","22.40","4","24.29",
"2424","隴華","0","0","0","--","--","--","--"," ","0.00","39.05","1","40.00","2","6.84",
"2425","承啟","193,340","113","6,045,470","31.50","31.60","31.15","31.15","-","0.45","31.15","9","31.20","1","9.50",
"2426","鼎元","1,099,493","586","11,820,015","11.15","11.15","10.65","10.70","-","0.45","10.70","13","10.75","25","0.00",
"2427","三商電","153,737","64","1,212,977","7.92","7.96","7.83","7.89","+","0.03","7.86","6","7.89","1","0.00",
"2428","興勤","94,300","80","4,093,830","44.15","44.15","43.00","43.00","-","0.55","43.00","3","43.55","3","9.66",
"2429","銘旺科","10,333","11","181,411","18.20","18.20","17.10","17.50","-","0.70","17.10","1","17.65","2","0.00",
"2430","燦坤","51,068","46","1,630,604","32.20","32.20","31.80","31.85","-","0.35","31.85","1","31.95","2","11.10",
"2431","聯昌","2,268,402","938","43,574,059","18.35","19.55","18.35","19.55","+","1.25","19.55","267","--","0","20.80",
"2433","互盛電","42,015","33","1,782,135","42.30","42.60","42.25","42.60"," ","0.00","42.55","10","42.60","11","13.65",
"2434","統懋","92,000","32","728,840","7.97","8.00","7.86","7.90","-","0.07","7.90","1","7.95","3","11.62",
"2436","偉詮電","1,767,278","882","49,860,558","28.60","28.65","28.00","28.00","-","0.40","28.00","55","28.10","26","37.84",
"2437","旺詮","187,113","145","10,740,741","58.10","58.40","57.00","57.20","-","0.90","57.10","13","57.20","1","9.41",
"2438","翔耀","88,153","45","796,317","9.00","9.15","8.74","9.08","+","0.24","9.00","5","9.08","4","25.94",
"2439","美律","5,111,172","3,668","648,170,081","130.50","131.50","124.50","125.00","-","4.00","125.00","121","125.50","2","16.53",
"2440","太空梭","8,130","6","83,050","10.15","10.35","10.00","10.00","-","0.20","10.00","31","10.25","6","0.00",
"2441","超豐","768,640","405","29,172,370","38.50","38.50","37.70","37.80","-","0.20","37.80","38","37.85","6","10.44",
"2442","新美齊","175,809","69","1,499,801","8.60","8.62","8.49","8.57"," ","0.00","8.56","10","8.57","2","17.85",
"2443","昶虹","167,123","62","1,727,211","10.35","10.45","10.25","10.35"," ","0.00","10.30","15","10.35","10","2.48",
"2444","兆勁","384,113","215","6,164,982","16.05","16.05","16.05","16.05","+","1.05","16.05","1,506","--","0","0.00",
"2448","晶電","4,464,165","2,362","236,611,370","53.70","54.00","52.50","52.50","-","1.00","52.50","377","52.70","4","0.00",
"2449","京元電子","4,227,482","1,655","101,286,368","24.55","24.55","23.70","24.00","-","0.30","23.95","241","24.00","50","13.64",
"2450","神腦","333,680","241","18,648,080","56.10","56.30","55.50","55.90"," ","0.00","55.90","1","56.00","7","16.69",
"2451","創見","167,220","124","17,060,220","102.50","103.00","101.50","102.00","-","0.50","101.50","2","102.00","79","14.33",
"2453","凌群","73,000","44","1,023,400","14.05","14.10","14.00","14.10","+","0.05","13.95","4","14.10","4","14.39",
"2454","聯發科","3,768,257","2,927","1,615,502,357","432.00","434.00","426.50","426.50","-","7.50","426.50","200","427.00","4","16.77",
"2455","全新","677,675","403","18,693,962","27.50","27.80","27.50","27.60","+","0.35","27.60","14","27.65","44","17.92",
"2456","奇力新","667,393","281","18,146,394","27.50","27.70","26.90","27.20","-","0.30","27.20","1","27.25","4","14.70",
"2457","飛宏","1,267,779","394","21,035,360","16.45","16.80","16.40","16.50","+","0.10","16.45","16","16.55","3","31.73",
"2458","義隆","1,288,898","870","62,428,600","48.90","49.00","48.20","48.30","-","0.40","48.25","52","48.30","13","13.84",
"2459","敦吉","199,691","193","7,868,449","39.40","39.70","39.20","39.25","-","0.05","39.25","6","39.45","2","13.00",
"2460","建通","137,017","53","1,672,454","12.25","12.30","12.15","12.15","-","0.10","12.15","26","12.20","1","19.29",
"2461","光群雷","713,018","164","11,022,070","15.30","15.60","15.30","15.50","+","0.10","15.45","45","15.50","4","15.35",
"2462","良得電","98,258","76","2,248,334","23.00","23.00","22.70","22.70","-","0.40","22.70","24","22.80","1","11.46",
"2464","盟立","399,500","157","10,469,250","26.50","26.50","26.05","26.30","-","0.10","26.30","5","26.35","6","15.47",
"2465","麗臺","795,258","395","9,931,156","12.75","12.80","12.35","12.50","-","0.20","12.45","2","12.50","11","0.00",
"2466","冠西電","104,000","62","3,489,350","33.40","33.65","33.30","33.65","+","0.15","33.40","2","33.65","1","0.00",
"2467","志聖","268,182","154","5,861,911","21.60","22.10","21.60","21.70","+","0.10","21.70","11","21.85","10","15.61",
"2468","華經","50,988","36","658,045","12.80","13.00","12.80","12.90","+","0.20","12.90","6","12.95","1","25.80",
"2471","資通","24,008","16","347,462","14.55","14.55","14.40","14.40"," ","0.00","14.40","10","14.50","7","27.69",
"2472","立隆電","756,790","421","29,187,156","38.00","38.95","38.00","38.50","+","0.50","38.50","4","38.55","1","13.32",
"2474","可成","6,657,311","4,518","1,759,857,671","268.00","270.00","260.00","260.00","-","5.00","260.00","241","260.50","2","15.37",
"2475","華映","3,799,639","202","5,753,592","1.53","1.53","1.51","1.52","-","0.02","1.51","496","1.52","107","12.67",
"2476","鉅祥","302,345","224","8,218,309","27.25","27.30","27.00","27.30","+","0.30","27.20","20","27.30","66","17.61",
"2477","美隆電","115,062","55","1,435,075","12.35","12.60","12.35","12.40","-","0.05","12.35","42","12.50","3","2.80",
"2478","大毅","175,323","109","2,964,619","16.95","17.00","16.80","17.00","+","0.05","16.95","2","17.00","4","45.95",
"2480","敦陽科","216,115","121","6,214,061","28.80","28.95","28.60","28.80"," ","0.00","28.80","1","28.85","4","16.94",
"2481","強茂","399,009","199","4,969,958","12.55","12.60","12.40","12.40","-","0.10","12.40","58","12.50","21","0.00",
"2482","連宇","7,290,829","3,169","156,282,896","20.75","21.95","20.30","21.95","+","1.40","21.95","163","--","0","0.00",
"2483","百容","84,000","29","1,597,350","19.50","19.50","18.55","19.00","-","0.05","18.80","1","19.00","4","12.84",
"2484","希華","1,098,018","527","23,882,331","21.90","21.95","21.60","21.60","-","0.10","21.60","68","21.70","21","17.70",
"2485","兆赫","690,081","357","19,926,175","29.15","29.15","28.50","28.90","-","0.10","28.90","12","29.00","11","15.79",
"2486","一詮","660,091","321","11,644,401","18.00","18.00","17.45","17.65","-","0.35","17.65","3","17.70","8","14.59",
"2488","漢平","1,002,000","426","19,450,700","19.50","19.80","19.15","19.60","+","0.20","19.60","12","19.65","1","5.92",
"2489","瑞軒","536,964","253","9,318,913","17.05","17.50","17.05","17.40"," ","0.00","17.40","8","17.45","1","12.79",
"2491","吉祥全","22,837","18","212,827","9.36","9.36","9.29","9.29","-","0.03","9.29","1","9.39","2","1.88",
"2492","華新科","1,248,342","351","13,234,530","10.50","10.70","10.50","10.55","+","0.05","10.55","7","10.60","22","0.00",
"2493","揚博","307,318","193","8,771,374","28.55","28.65","28.45","28.55"," ","0.00","28.50","1","28.60","20","10.42",
"2495","普安","262,160","113","4,473,236","17.10","17.15","16.95","17.00"," ","0.00","17.00","2","17.05","5","130.77",
"2496","卓越","0","0","0","--","--","--","--"," ","0.00","7.70","2","7.95","1","0.00",
"2497","怡利電","1,579,338","996","94,785,775","61.00","61.00","58.60","58.80","-","0.90","58.80","39","59.40","6","14.34",
"2498","宏達電","15,786,168","9,270","2,200,622,732","138.50","140.50","138.00","138.50","+","1.50","138.50","206","139.00","180","0.00",
"2499","東貝","2,600,538","1,156","69,337,277","26.50","26.85","26.35","26.75","+","0.40","26.75","2","26.80","75","27.86",
"2501","國建","460,560","211","7,381,960","16.00","16.10","15.95","16.05","+","0.05","16.00","205","16.10","119","42.24",
"2504","國產","2,855,746","662","30,945,067","10.80","10.95","10.75","10.75","+","0.05","10.75","18","10.80","52","15.36",
"2505","國揚","635,439","253","8,159,309","12.85","12.95","12.75","12.80","-","0.05","12.80","229","12.90","41","4.69",
"2506","太設","2,680,533","355","28,082,109","10.20","10.85","10.05","10.85","+","0.70","10.75","3","10.85","14","7.86",
"2509","全坤建","71,000","17","1,580,900","22.20","22.45","22.05","22.45","+","0.30","22.45","2","22.50","4","8.31",
"2511","太子","4,644,543","1,478","54,017,141","11.45","11.75","11.45","11.65","+","0.35","11.60","325","11.65","4","8.32",
"2514","龍邦","620,182","220","12,196,898","19.80","19.85","19.40","19.50","-","0.30","19.50","50","19.55","1","41.49",
"2515","中工","2,663,313","560","20,966,817","7.90","7.91","7.86","7.86","-","0.04","7.86","16","7.87","89","41.37",
"2516","新建","186,175","87","1,499,540","8.05","8.09","8.00","8.03","+","0.02","8.03","32","8.07","5","6.86",
"2520","冠德","3,127,227","1,143","83,226,397","26.90","26.95","26.30","26.50","-","0.50","26.50","28","26.60","880","5.58",
"2524","京城","176,099","66","4,784,551","27.30","27.30","27.10","27.15"," ","0.00","27.15","1","27.20","24","9.36",
"2527","宏璟","57,000","44","948,750","16.80","16.80","16.50","16.50","-","0.25","16.50","14","16.55","1","10.78",
"2528","皇普","6,000","6","60,800","10.05","10.20","10.05","10.20","+","0.15","10.05","4","10.20","1","5.48",
"2530","華建","398,870","218","5,814,703","14.50","14.75","14.40","14.55","+","0.10","14.55","8","14.65","62","0.00",
"2534","宏盛","445,573","234","8,338,280","18.90","18.90","18.60","18.75","-","0.15","18.70","45","18.75","4","156.25",
"2535","達欣工","162,264","99","3,429,553","21.25","21.35","21.05","21.10","-","0.15","21.10","3","21.20","1","4.94",
"2536","宏普","1,116,000","161","25,581,900","23.10","23.25","22.75","23.10","-","0.05","22.95","1","23.10","15","6.16",
"2537","聯上發","129,039","55","1,497,651","11.60","11.70","11.55","11.60","-","0.05","11.60","22","11.65","7","8.35",
"2538","基泰","403,864","145","7,158,890","17.75","17.80","17.70","17.70"," ","0.00","17.70","56","17.75","37","3.55",
"2539","櫻花建","7,753","8","252,448","32.75","32.75","32.50","32.50","-","0.10","32.40","2","32.75","2","4.88",
"2540","愛山林","22,346","21","816,233","34.60","37.00","34.60","37.00"," ","0.00","37.00","9","37.40","1","14.74",
"2542","興富發","1,326,520","804","69,032,682","52.50","52.70","51.60","52.00","-","0.30","52.00","75","52.10","12","9.68",
"2543","皇昌","274,395","122","3,285,495","12.00","12.05","11.90","12.00"," ","0.00","12.00","3","12.05","27","8.57",
"2545","皇翔","138,000","66","5,453,000","39.80","39.80","39.35","39.40","-","0.10","39.40","3","39.55","2","15.21",
"2546","根基","67,130","52","1,013,660","15.10","15.15","15.00","15.10"," ","0.00","15.10","3","15.15","6","7.78",
"2547","日勝生","948,192","537","17,055,684","18.10","18.20","17.85","17.90","-","0.20","17.90","145","17.95","1","1.46",
"2548","華固","1,405,620","961","70,045,668","50.40","50.80","49.40","49.80","-","0.80","49.75","1","49.80","11","0.00",
"2597","潤弘","18,170","14","1,127,342","62.20","62.20","62.00","62.00","-","0.10","62.00","19","62.10","2","7.64",
"2601","益航","2,484,741","1,049","49,846,920","19.60","20.35","19.55","20.15","+","0.60","20.10","30","20.15","13","16.25",
"2603","長榮","38,921,584","7,542","729,487,457","18.15","19.15","18.10","18.85","+","0.85","18.80","65","18.85","40","0.00",
"2605","新興","449,834","279","11,773,793","26.00","26.40","25.85","26.20","+","0.40","26.15","6","26.20","9","14.48",
"2606","裕民","403,068","294","18,948,131","46.95","47.20","46.90","47.00","+","0.10","46.90","27","47.00","142","19.18",
"2607","榮運","2,957,885","1,093","53,492,720","17.70","18.25","17.70","18.10","+","0.45","18.05","40","18.10","7","36.20",
"2608","嘉里大榮","260,581","154","9,899,348","37.80","38.30","37.70","37.90","+","0.35","37.90","1","38.00","111","19.95",
"2609","陽明","39,824,350","7,715","569,133,334","14.00","14.50","13.95","14.30","+","0.40","14.25","602","14.30","45","38.65",
"2610","華航","41,352,060","6,058","504,602,050","12.30","12.35","12.10","12.25","+","0.05","12.20","285","12.25","384","0.00",
"2611","志信","385,747","189","3,434,560","8.80","9.19","8.79","8.96","+","0.17","8.96","7","8.99","1","32.00",
"2612","中航","141,650","113","4,776,487","33.40","33.95","33.30","33.75","+","0.65","33.70","3","33.75","2","26.16",
"2613","中櫃","301,830","183","5,676,246","18.70","19.00","18.60","18.65","+","0.25","18.60","4","18.70","12","14.02",
"2614","東森","1,905,040","575","19,529,998","10.30","10.35","10.20","10.25"," ","0.00","10.25","177","10.30","52","0.00",
"2615","萬海","12,084,327","4,540","272,590,876","21.80","22.85","21.70","22.85","+","1.45","22.80","9","22.85","152","15.34",
"2616","山隆","51,354","27","1,201,587","23.35","23.60","23.30","23.60","+","0.20","23.60","3","23.65","1","11.51",
"2617","台航","391,014","238","8,515,910","21.65","22.15","21.55","21.85","+","0.30","21.85","4","21.90","8","29.53",
"2618","長榮航","30,494,385","6,670","577,420,752","19.10","19.30","18.55","18.75","-","0.10","18.75","160","18.80","132","58.59",
"2634","漢翔","2,299,312","1,412","80,301,414","35.40","35.40","34.65","34.70","-","0.35","34.70","7","34.80","8","27.54",
"2637","慧洋-KY","764,450","296","26,904,435","34.85","35.30","34.85","35.20","+","0.35","35.20","32","35.25","45","11.73",
"2642","宅配通","2,353,564","1,567","120,340,843","51.40","52.40","49.95","50.00","-","0.90","50.00","42","50.30","15","29.76",
"2701","萬企","7,187","19","106,194","14.85","14.85","14.70","14.80","+","0.10","14.80","1","14.85","2","21.76",
"2702","華園","18,195","14","299,336","16.45","16.50","16.40","16.45","+","0.15","16.25","4","16.40","1","29.91",
"2704","國賓","209,620","122","5,761,297","27.50","27.75","27.25","27.75","+","0.05","27.70","10","27.75","27","25.69",
"2705","六福","553,164","100","6,064,768","11.00","11.00","10.95","10.95","-","0.05","10.90","80","10.95","1","0.00",
"2706","第一店","200,045","75","3,936,430","19.65","19.75","19.50","19.70","+","0.05","19.70","8","19.75","30","19.90",
"2707","晶華","155,891","146","48,963,215","312.50","316.50","310.50","316.00","+","6.00","314.50","1","316.00","5","30.86",
"2712","遠雄來","26,000","17","567,550","22.00","22.00","21.70","21.90","-","0.10","21.70","12","21.95","2","26.39",
"2722","夏都","13,000","12","558,800","42.60","43.60","42.60","43.60","-","0.10","43.60","1","43.70","2","26.27",
"2723","美食-KY","196,215","190","35,839,775","186.00","186.50","180.50","180.50","-","5.50","180.00","26","182.00","3","57.85",
"2727","王品","242,110","219","71,901,890","299.00","299.00","295.00","297.00","-","3.00","296.50","7","297.00","16","24.50",
"2731","雄獅","74,100","60","6,809,500","92.90","92.90","91.20","91.30","-","0.50","91.30","1","91.60","2","15.93",
"2801","彰銀","25,540,650","2,707","487,195,800","19.35","19.35","18.85","19.10","-","0.25","19.05","438","19.10","210","14.69",
"2809","京城銀","2,637,314","1,268","87,780,220","33.30","33.50","33.10","33.20","+","0.20","33.20","14","33.25","10","7.70",
"2812","台中銀","1,866,132","420","19,089,432","10.25","10.25","10.20","10.25"," ","0.00","10.20","864","10.25","439","8.13",
"2816","旺旺保","260,517","133","6,839,462","26.60","26.60","26.00","26.00","-","0.50","26.00","24","26.25","7","7.34",
"2820","華票","1,469,207","263","16,451,311","11.20","11.25","11.15","11.20"," ","0.00","11.15","1,123","11.20","219","13.33",
"2823","中壽","4,567,216","1,907","119,537,473","26.30","26.45","26.05","26.25","+","0.05","26.20","14","26.25","509","13.82",
"2832","台產","73,801","50","1,603,513","21.80","21.80","21.65","21.75","+","0.10","21.75","2","21.80","66","9.89",
"2833","台壽保","885,694","290","16,090,803","18.25","18.25","18.10","18.10","-","0.10","18.10","126","18.15","47","27.42",
"2833A","台壽甲","0","0","0","--","--","--","--"," ","0.00","37.00","9","37.20","1","0.00",
"2834","臺企銀","3,068,499","882","27,951,791","9.16","9.16","9.09","9.09","-","0.03","9.09","115","9.10","5","10.10",
"2836","高雄銀","529,507","54","4,798,328","9.05","9.08","9.01","9.05","+","0.03","9.01","10","9.05","1","14.84",
"2838","聯邦銀","409,933","123","4,210,906","10.25","10.30","10.20","10.25","+","0.05","10.25","23","10.30","172","7.71",
"2841","台開","716,909","160","7,625,325","10.70","10.75","10.55","10.70"," ","0.00","10.65","207","10.70","106","10.29",
"2845","遠東銀","1,338,932","269","13,685,186","10.20","10.25","10.20","10.20","+","0.05","10.20","285","10.25","610","8.72",
"2847","大眾銀","7,145,397","1,164","74,185,730","10.35","10.45","10.30","10.30","-","0.05","10.30","406","10.35","181","10.10",
"2849","安泰銀","99,194","31","1,308,410","13.25","13.25","13.10","13.20","+","0.05","13.15","13","13.20","30","6.95",
"2850","新產","92,642","47","2,101,322","22.70","22.75","22.60","22.70","+","0.05","22.65","6","22.70","54","7.09",
"2851","中再保","18,286","18","288,481","15.80","15.85","15.75","15.85","+","0.05","15.80","13","15.85","15","11.74",
"2852","第一保","94,301","54","1,439,034","15.25","15.35","15.10","15.35","+","0.10","15.20","1","15.35","43","10.59",
"2855","統一證","145,216","86","2,263,852","15.65","15.65","15.50","15.60"," ","0.00","15.55","8","15.60","19","10.54",
"2856","元富證","286,625","132","2,761,721","9.64","9.69","9.61","9.63","+","0.02","9.63","6","9.64","3","10.58",
"2867","三商壽","443,085","219","7,466,932","17.00","17.00","16.80","16.80"," ","0.00","16.80","3","16.85","29","12.44",
"2880","華南金","2,930,600","854","52,268,278","17.95","18.00","17.75","17.85","-","0.10","17.80","9","17.85","355","14.51",
"2881","富邦金","8,894,301","2,954","452,873,709","51.00","51.30","50.70","50.80","-","0.20","50.70","136","50.80","131","12.33",
"2882","國泰金","16,946,841","4,876","832,076,671","49.50","49.70","48.80","49.05","-","0.45","49.00","11","49.05","212","13.19",
"2883","開發金","14,733,831","2,854","144,613,481","9.84","9.85","9.78","9.82","+","0.02","9.81","5","9.82","614","15.11",
"2884","玉山金","6,087,974","1,806","117,522,021","19.25","19.35","19.25","19.35","+","0.10","19.30","599","19.35","341","13.07",
"2885","元大金","8,451,127","1,860","128,202,242","15.25","15.30","15.10","15.20"," ","0.00","15.15","434","15.20","194","9.27",
"2886","兆豐金","9,369,661","2,929","234,701,225","25.05","25.20","24.95","25.10","+","0.10","25.00","30","25.10","2,046","11.67",
"2887","台新金","7,335,898","1,606","106,916,624","14.70","14.75","14.50","14.60","-","0.10","14.55","181","14.60","890","8.74",
"2888","新光金","7,971,349","1,738","73,448,095","9.24","9.26","9.18","9.22","-","0.04","9.21","23","9.22","368","15.11",
"2889","國票金","1,107,644","352","9,432,753","8.53","8.55","8.49","8.52","+","0.01","8.52","84","8.53","34","11.67",
"2890","永豐金","8,215,446","1,432","107,602,954","13.10","13.15","13.05","13.15","+","0.05","13.10","393","13.15","2,448","8.89",
"2891","中信金","18,208,327","4,456","387,723,172","21.50","21.50","21.20","21.30","-","0.15","21.25","43","21.30","747","8.55",
"2892","第一金","12,825,442","2,910","237,437,692","18.65","18.70","18.35","18.50","-","0.15","18.45","14","18.50","611","12.59",
"2901","欣欣","12,000","11","388,300","32.30","32.60","32.20","32.20","+","0.10","31.85","2","32.40","1","65.71",
"2903","遠百","1,604,655","1,011","43,974,128","27.60","27.60","27.30","27.40","-","0.20","27.40","61","27.45","1","20.30",
"2904","匯僑","46,511","46","1,224,285","26.50","26.50","26.25","26.25","-","0.10","26.25","4","26.45","10","12.50",
"2905","三商","173,584","89","3,050,769","17.50","17.70","17.50","17.50","-","0.05","17.50","23","17.60","9","10.48",
"2906","高林","259,044","54","3,519,498","13.55","13.70","13.45","13.65","+","0.05","13.65","3","13.70","14","20.37",
"2908","特力","390,341","180","7,700,134","19.70","19.90","19.65","19.85","+","0.10","19.70","42","19.85","1","14.70",
"2910","統領","2,000","2","69,300","34.65","34.65","34.65","34.65","-","0.15","34.65","3","35.55","1","38.08",
"2911","麗嬰房","151,107","86","2,592,169","17.15","17.30","17.10","17.10","-","0.15","17.10","2","17.20","1","0.00",
"2912","統一超","1,221,960","492","279,193,280","228.00","231.00","227.00","229.50","+","1.50","228.50","1","229.50","35","26.87",
"2913","農林","3,834,415","1,339","64,410,046","16.60","16.95","16.55","16.70","+","0.20","16.70","125","16.75","9","14.52",
"2915","潤泰全","2,143,133","1,274","138,839,112","65.00","65.40","63.90","63.90","-","1.40","63.90","28","64.00","80","1.38",
"2923","鼎固-KY","50,000","31","1,142,500","22.90","22.95","22.75","22.95","-","0.05","22.85","1","22.95","5","26.08",
"2929","淘帝-KY","228,620","210","27,001,970","119.00","119.00","117.50","118.50","+","1.00","118.00","10","118.50","13","9.00",
"3002","歐格","71,384","27","960,156","13.40","13.65","13.35","13.40","-","0.15","13.40","6","13.50","1","19.42",
"3003","健和興","308,342","185","10,922,519","35.65","36.00","34.85","35.25","-","0.40","35.25","7","35.40","11","13.45",
"3004","豐達科","794,451","475","43,576,823","55.50","55.70","53.60","54.30","-","0.10","54.20","30","54.30","1","16.76",
"3005","神基","1,004,500","353","15,516,183","15.45","15.60","15.35","15.35","-","0.10","15.35","5","15.40","10","19.19",
"3006","晶豪科","3,135,121","1,525","143,585,429","46.30","46.40","45.45","45.50","-","0.50","45.50","27","45.55","12","15.42",
"3008","大立光","1,157,284","1,163","2,473,009,240","2,190.00","2,190.00","2,080.00","2,085.00","-","75.00","2,080.00","36","2,090.00","4","22.47",
"3010","華立","84,351","60","4,456,237","52.70","53.10","52.50","53.10","+","0.30","53.00","19","53.10","3","10.29",
"3011","今皓","372,327","189","3,522,723","9.60","9.60","9.37","9.44","-","0.16","9.43","9","9.46","11","0.00",
"3013","晟銘電","1,529,040","876","34,839,316","23.70","23.70","22.30","22.55","-","0.85","22.55","15","22.60","8","46.02",
"3014","聯陽","3,017,924","1,632","98,885,063","31.35","33.30","31.35","32.70","+","1.25","32.65","3","32.70","3","14.22",
"3015","全漢","307,845","167","7,981,973","25.90","26.10","25.80","25.80","+","0.30","25.80","22","25.95","2","14.02",
"3016","嘉晶","288,297","142","4,974,792","17.50","17.50","17.15","17.25","-","0.25","17.25","8","17.30","44","156.82",
"3017","奇鋐","766,866","385","15,946,323","20.85","21.00","20.65","20.70","-","0.15","20.70","26","20.75","5","20.70",
"3018","同開","278,715","171","5,525,409","20.15","20.20","19.60","19.75","-","0.25","19.75","2","19.80","3","33.47",
"3019","亞光","4,529,021","2,433","180,542,347","39.10","40.30","39.10","39.65","+","0.65","39.65","14","39.70","3","0.00",
"3021","鴻名","157,044","70","2,001,802","12.80","12.90","12.60","12.65","-","0.05","12.65","1","12.70","19","21.81",
"3022","威強電","744,923","486","36,066,902","48.80","48.85","48.20","48.30","-","0.35","48.25","8","48.30","11","11.53",
"3023","信邦","1,089,374","620","44,465,128","40.70","41.10","40.60","40.60"," ","0.00","40.60","28","40.70","10","10.77",
"3024","憶聲","93,495","43","531,152","5.69","5.72","5.65","5.70","+","0.02","5.70","4","5.71","12","0.00",
"3025","星通","33,000","19","331,150","10.10","10.10","10.00","10.00","-","0.05","10.00","16","10.10","4","34.48",
"3026","禾伸堂","147,007","106","5,871,625","40.05","40.10","39.80","39.80","-","0.25","39.80","11","39.95","4","9.61",
"3027","盛達","1,211,160","450","26,017,770","21.75","21.80","21.10","21.50","-","0.20","21.45","3","21.50","19","41.35",
"3028","增你強","116,118","41","1,966,206","17.00","17.00","16.90","16.95","+","0.05","16.90","37","17.00","14","19.26",
"3029","零壹","36,000","25","523,150","14.55","14.55","14.50","14.55","-","0.05","14.60","1","14.65","3","14.13",
"3030","德律","4,302,424","2,283","203,361,502","47.90","48.10","46.65","47.40","-","2.50","47.40","11","47.45","10","13.47",
"3031","佰鴻","148,478","86","1,835,728","12.50","12.50","12.30","12.35","-","0.10","12.35","2","12.40","1","30.12",
"3032","偉訓","179,020","82","3,944,340","22.10","22.25","21.90","22.00","-","0.10","22.00","11","22.05","5","15.07",
"3033","威健","145,351","93","3,368,840","23.25","23.25","23.10","23.20","+","0.05","23.20","9","23.25","57","11.00",
"3034","聯詠","3,445,073","1,834","552,337,706","162.00","162.00","159.00","160.50","+","1.00","160.00","56","160.50","314","17.87",
"3035","智原","4,587,407","2,230","147,604,501","31.65","32.50","31.60","32.00","+","0.35","31.95","17","32.00","20","18.50",
"3036","文曄","1,645,116","1,268","79,341,204","48.05","48.60","47.65","48.50","+","0.50","48.45","4","48.50","75","11.05",
"3037","欣興","12,329,777","4,588","275,165,255","22.70","22.95","22.05","22.10","-","0.90","22.10","355","22.15","1","59.73",
"3038","全台","445,206","157","3,655,139","8.30","8.30","8.16","8.16","+","0.02","8.16","11","8.21","1","17.36",
"3040","遠見","1,530,520","747","48,820,027","32.95","32.95","31.30","31.30","-","1.45","31.30","23","31.40","2","5.25",
"3041","揚智","556,516","312","13,874,315","24.90","25.15","24.75","24.85","+","0.05","24.85","19","24.90","11","54.02",
"3042","晶技","2,878,061","1,701","103,928,559","36.70","36.70","35.85","35.95","-","0.75","35.95","45","36.00","66","11.49",
"3043","科風","238,972","80","1,275,516","5.35","5.35","5.22","5.22"," ","0.00","5.22","9","5.25","20","0.00",
"3044","健鼎","487,082","327","27,727,582","57.10","57.20","56.60","57.10","+","0.40","57.00","4","57.20","27","12.89",
"3045","台灣大","1,807,383","1,076","176,908,507","98.50","98.50","97.50","97.90","-","0.50","97.70","4","97.90","43","17.00",
"3046","建碁","407,346","189","2,928,068","7.00","7.47","6.95","7.41","+","0.41","7.28","8","7.41","2","0.00",
"3047","訊舟","342,495","150","3,967,609","11.70","11.70","11.55","11.55","-","0.05","11.55","6","11.60","10","21.79",
"3048","益登","4,834,037","2,289","137,375,892","28.75","29.00","27.85","28.40","-","0.25","28.35","62","28.40","6","15.11",
"3049","和鑫","1,505,203","514","9,848,782","6.52","6.63","6.45","6.51","-","0.01","6.51","15","6.54","15","17.13",
"3050","鈺德","153,018","57","939,519","6.21","6.21","6.11","6.14","-","0.04","6.14","2","6.15","6","0.00",
"3051","力特","51,000","8","257,450","5.00","5.10","5.00","5.05","+","0.02","5.02","4","5.06","12","12.95",
"3052","夆典","214,809","77","2,402,658","11.15","11.25","11.15","11.20","+","0.05","11.20","4","11.25","7","1.47",
"3054","立萬利","2,041,001","691","28,091,313","13.90","14.00","13.60","13.60","-","0.30","13.60","25","13.65","10","9.01",
"3055","蔚華科","1,215,080","565","28,105,806","22.95","23.30","22.95","23.05","+","0.15","23.05","16","23.10","3","0.00",
"3056","總太","438,658","197","8,440,849","19.35","19.70","19.00","19.00","-","0.35","19.00","5","19.15","1","4.07",
"3057","喬鼎","2,296,084","1,301","84,016,785","37.20","37.20","35.90","36.00","-","0.15","36.00","3","36.05","2","16.44",
"3058","立德","595,040","159","6,881,102","11.65","11.65","11.50","11.50","-","0.15","11.50","63","11.60","14","42.59",
"3059","華晶科","4,048,325","2,093","140,879,725","34.30","35.10","34.10","35.00","+","0.70","34.95","8","35.00","154","0.00",
"3060","銘異","2,708,430","1,770","376,973,912","140.00","141.00","137.00","139.00","-","0.50","139.00","1","139.50","13","41.99",
"3061","璨圓","793,501","377","12,076,387","15.50","15.50","15.10","15.15","-","0.20","15.10","52","15.15","1","0.00",
"3062","建漢","428,956","259","10,469,482","24.30","24.80","24.30","24.35","-","0.25","24.35","74","24.40","1","47.75",
"3090","日電貿","172,071","85","4,087,106","23.80","23.85","23.60","23.75"," ","0.00","23.70","25","23.80","6","9.13",
"3094","聯傑","1,774,007","1,180","58,459,867","32.45","33.90","31.90","32.60","+","0.60","32.60","10","32.65","1","33.27",
"3130","一零四","7,100","8","875,000","124.00","124.00","122.50","122.50","+","1.00","122.00","3","123.50","2","14.81",
"3149","正達","745,675","463","18,310,701","25.00","25.10","24.25","24.30","-","0.60","24.30","14","24.35","11","0.00",
"3164","景岳","182,495","145","7,421,947","41.25","41.50","40.10","40.10","-","1.10","40.10","4","40.30","19","0.00",
"3167","大量","29,650","32","1,037,264","35.00","35.10","34.85","35.10","+","0.10","35.00","2","35.10","1","11.74",
"3189","景碩","2,366,029","1,635","270,331,289","115.00","117.00","112.50","113.00","-","2.00","113.00","9","113.50","8","13.26",
"3209","全科","130,387","96","3,681,242","28.30","28.45","28.15","28.20","-","0.10","28.15","21","28.30","9","10.89",
"3229","晟鈦","698,031","432","23,852,640","34.50","35.00","33.55","33.55","-","0.90","33.55","17","33.60","1","64.52",
"3231","緯創","15,812,849","5,562","479,247,538","30.50","30.65","30.00","30.25","-","0.60","30.25","59","30.30","126","18.22",
"3257","虹冠電","3,284,597","2,102","298,773,101","91.60","91.80","89.80","89.80","+","0.60","89.80","11","90.00","6","16.36",
"3296","勝德","53,427","33","1,195,664","22.70","22.70","22.10","22.20","-","0.10","22.05","2","22.20","2","0.00",
"3305","昇貿","141,748","102","4,543,586","32.50","32.50","31.90","31.90","-","0.40","31.85","4","31.90","1","12.61",
"3308","聯德","67,000","35","537,100","8.02","8.07","8.00","8.00","-","0.03","8.00","32","8.03","2","0.00",
"3311","閎暉","1,530,572","935","30,357,597","20.40","20.50","19.60","19.75","-","0.65","19.70","27","19.80","17","0.00",
"3312","弘憶股","21,000","13","221,300","10.60","10.60","10.50","10.55","-","0.05","10.50","3","10.60","9","17.30",
"3315","宣昶","16,000","11","273,100","17.30","17.30","16.95","17.05"," ","0.00","17.00","1","17.10","2","12.63",
"3338","泰碩","1,182,000","617","45,490,150","37.95","38.90","37.90","38.65","+","1.20","38.65","9","38.70","3","17.41",
"3356","奇偶","276,917","207","30,151,910","109.50","110.50","108.00","108.00","-","1.50","108.00","48","109.00","2","12.83",
"3376","新日興","1,180,607","668","81,609,202","69.40","69.80","68.70","69.30","-","0.20","69.20","11","69.30","2","12.27",
"3380","明泰","543,049","254","8,259,699","15.20","15.30","15.15","15.20","-","0.10","15.15","23","15.20","50","10.94",
"3383","新世紀","802,452","395","12,330,686","15.70","15.70","15.20","15.35","-","0.20","15.30","8","15.35","4","767.50",
"3406","玉晶光","2,203,500","1,401","188,545,700","86.60","86.60","84.60","85.50","-","1.10","85.50","39","85.60","7","0.00",
"3419","譁裕","235,630","137","2,733,151","11.35","11.90","11.35","11.85","+","0.10","11.75","8","11.85","2","0.00",
"3432","台端","1,452,000","661","32,280,650","21.90","22.55","21.80","22.10","+","0.20","22.05","2","22.15","3","0.00",
"3437","榮創","930,342","662","55,234,911","60.30","60.30","58.80","59.10","-","1.20","59.10","3","59.20","2","12.34",
"3443","創意","1,182,032","917","107,244,712","88.90","91.60","88.90","91.00","+","2.20","90.90","3","91.00","7","28.17",
"3450","聯鈞","856,652","626","83,544,044","97.60","98.30","96.60","97.10","-","0.40","97.10","2","97.20","5","11.37",
"3454","晶睿","1,434,913","1,194","151,082,865","107.00","107.50","103.50","103.50","-","2.50","103.50","52","104.00","27","15.36",
"3474","華亞科","55,969,201","16,688","2,674,643,745","48.00","48.30","47.15","47.65","+","0.10","47.65","99","47.70","141","7.75",
"3481","群創","75,662,292","12,101","1,082,544,045","14.50","14.50","14.20","14.20","-","0.20","14.20","3,510","14.25","857","15.43",
"3494","誠研","989,004","369","15,081,360","15.15","15.60","14.90","15.25","+","0.25","15.25","28","15.30","5","52.59",
"3501","維熹","97,194","87","4,444,324","45.50","46.00","45.50","46.00","+","0.50","46.00","2","46.10","1","14.15",
"3504","揚明光","174,000","116","8,961,300","51.20","51.80","51.20","51.80","+","0.60","51.80","19","51.90","26","45.04",
"3514","昱晶","2,612,841","1,110","60,307,812","23.30","23.30","22.85","23.20","-","0.50","23.15","15","23.20","222","165.71",
"3515","華擎","186,376","167","15,391,508","84.00","84.00","81.70","82.30","-","1.70","82.20","2","82.30","1","13.04",
"3518","柏騰","299,535","83","13,594,375","45.60","45.90","45.20","45.30","-","0.30","45.30","1","45.50","2","0.00",
"3519","綠能","3,715,037","1,648","70,107,521","19.30","19.40","18.55","18.80","-","0.70","18.80","42","18.85","9","0.00",
"3532","台勝科","79,031","43","2,417,242","30.40","30.85","30.40","30.55","+","0.15","30.50","2","30.80","6","42.43",
"3533","嘉澤","907,099","607","114,542,923","128.50","129.50","125.00","125.50","-","2.50","125.50","17","126.00","1","13.31",
"3535","晶彩科","334,125","130","4,550,250","13.80","13.80","13.50","13.50","-","0.10","13.50","31","13.55","1","0.00",
"3536","誠創","142,162","25","704,851","4.96","5.00","4.75","4.95","-","0.01","4.80","10","4.95","21","0.00",
"3545","敦泰","1,704,900","872","59,503,768","35.00","35.25","34.50","34.90","-","0.85","34.90","1","35.00","7","15.04",
"3550","聯穎","24,000","19","377,750","15.80","15.80","15.65","15.80"," ","0.00","15.75","3","15.80","25","14.23",
"3557","嘉威","130,200","76","723,793","5.58","5.60","5.53","5.56","-","0.02","5.55","12","5.56","1","0.00",
"3559","全智科","2,633,007","695","51,751,633","19.60","19.85","19.50","19.60","+","0.15","19.60","19","19.65","41","22.79",
"3561","昇陽光電","3,055,828","1,428","57,166,464","19.00","19.00","18.50","18.65","-","0.60","18.65","92","18.70","10","22.47",
"3573","穎台","86,750","71","2,067,872","23.85","24.00","23.65","23.65","-","0.20","23.65","2","23.80","1","262.78",
"3576","聯合再生","10,515,756","4,505","294,297,268","28.35","28.35","27.60","27.90","-","0.70","27.90","145","27.95","16","14.16",
"3579","尚志","156,238","83","2,867,390","18.45","18.80","18.15","18.45","-","0.25","18.35","9","18.45","1","0.00",
"3583","辛耘","602,000","421","38,060,600","64.10","64.30","62.60","62.80","-","1.30","62.80","33","62.90","3","25.12",
"3584","介面","1,710,300","654","28,558,839","16.80","16.90","16.30","16.75","+","0.05","16.75","5","16.80","83","0.00",
"3588","通嘉","146,111","102","5,635,513","39.05","39.30","38.30","38.45","-","0.60","38.45","1","38.60","1","17.17",
"3591","艾笛森","817,315","357","19,511,077","23.90","23.90","23.30","23.90","+","1.55","23.90","541","--","0","0.00",
"3593","力銘","884,473","422","11,165,751","12.50","13.00","12.20","13.00","+","0.50","12.95","2","13.00","21","0.00",
"3596","智易","180,111","124","6,770,784","37.50","37.85","37.45","37.55","-","0.05","37.55","5","37.60","3","11.38",
"3598","奕力","1,079,447","875","74,528,058","68.40","69.50","68.30","69.00","+","0.90","69.00","5","69.10","13","24.04",
"3605","宏致","437,298","186","16,270,464","37.65","37.85","36.95","37.50","+","0.20","37.50","3","37.55","5","11.50",
"3607","谷崧","251,007","183","13,526,099","54.30","54.30","53.60","53.80","-","0.30","53.80","7","54.00","15","17.64",
"3617","碩天","109,000","27","6,504,500","60.00","60.40","59.30","60.00"," ","0.00","59.60","1","60.00","3","12.55",
"3622","洋華","963,299","565","19,099,534","19.95","20.20","19.55","19.80","-","0.05","19.80","34","19.85","28","0.00",
"3645","達邁","468,100","266","19,327,435","41.30","41.75","40.95","41.55","+","0.55","41.50","22","41.55","10","42.40",
"3653","健策","299,380","257","20,554,552","69.40","69.50","68.10","68.10","-","0.40","68.10","7","68.20","1","15.37",
"3661","世芯-KY","618,050","492","59,334,835","98.00","98.00","94.60","96.10","-","0.60","96.10","23","96.50","2","17.35",
"3665","貿聯-KY","2,591,245","1,727","278,303,970","110.00","112.00","104.50","106.00","-","5.00","105.50","33","106.00","18","15.14",
"3669","圓展","119,000","69","2,424,650","20.50","20.55","20.20","20.50","-","0.25","20.35","3","20.50","10","0.00",
"3673","TPK-KY","6,910,989","4,587","1,241,823,042","182.50","183.00","176.50","176.50","-","5.00","176.50","77","177.00","10","0.00",
"3679","新至陞","31,000","20","1,305,100","42.20","42.45","41.75","42.45","+","0.30","42.05","1","42.45","2","10.51",
"3682","亞太電","2,803,673","825","50,030,101","17.85","17.90","17.80","17.85"," ","0.00","17.85","9","17.90","541","61.55",
"3686","達能","2,302,097","714","23,993,054","10.55","10.60","10.25","10.40","-","0.25","10.40","11","10.45","39","0.00",
"3694","海華","247,000","118","3,546,400","14.10","14.80","14.05","14.15","+","0.05","14.15","2","14.40","6","0.00",
"3698","隆達","6,450,543","2,193","169,931,850","26.00","26.55","26.00","26.20","+","0.55","26.20","120","26.25","2","33.16",
"3701","大眾控","2,419","11","21,376","8.95","8.95","8.95","8.95","-","0.03","8.36","4","8.95","21","0.00",
"3702","大聯大","7,921,475","4,075","279,397,727","35.70","35.75","35.10","35.20","-","0.60","35.20","76","35.30","89","11.10",
"3703","欣陸","257,400","119","2,893,198","11.30","11.30","11.20","11.20","-","0.05","11.20","36","11.25","24","5.60",
"3704","合勤控","1,183,964","586","20,928,159","17.60","17.80","17.55","17.65","+","0.10","17.65","39","17.70","12","11.69",
"3705","永信","510,570","386","27,880,377","54.50","55.40","54.40","54.70","-","0.30","54.60","24","54.80","1","19.61",
"3706","神達","696,840","277","16,399,688","23.60","23.70","23.45","23.45","-","0.10","23.45","44","23.50","27","30.45",
"4104","佳醫","75,300","64","3,893,857","52.00","52.00","51.40","51.40","-","0.30","51.30","1","51.60","2","20.81",
"4106","雃博","1,079,163","802","53,123,853","50.00","50.20","48.60","48.60","-","0.90","48.60","17","48.85","3","24.67",
"4108","懷特","915,751","598","33,061,331","35.70","36.50","35.60","35.80","+","0.15","35.75","2","35.90","1","0.00",
"4119","旭富","103,182","90","6,155,106","59.70","60.00","59.40","59.40","-","0.30","59.40","2","59.60","4","18.17",
"4133","亞諾法","15,009","21","475,347","31.45","31.95","31.45","31.70","-","0.05","31.60","3","31.80","5","34.84",
"4137","麗豐-KY","110,300","108","17,888,449","163.50","164.50","161.00","161.50"," ","0.00","161.00","2","161.50","1","17.55",
"4141","龍燈-KY","385,054","242","20,584,489","53.00","53.90","52.90","53.50","+","0.90","53.40","3","53.50","18","9.82",
"4142","國光生","661,005","415","20,439,555","30.95","31.15","30.80","30.95"," ","0.00","30.95","16","31.00","9","0.00",
"4144","康聯-KY","86,222","59","5,862,496","67.50","68.30","67.50","68.00"," ","0.00","68.00","15","68.20","2","14.08",
"4164","承業醫","113,104","98","7,372,164","65.80","65.80","64.80","65.10","-","0.30","65.10","8","65.30","3","25.94",
"4306","炎洲","259,144","154","4,244,386","16.45","16.55","16.25","16.30","-","0.15","16.25","23","16.30","8","34.68",
"4414","如興","387,534","174","5,758,353","14.80","15.10","14.70","14.75","-","0.05","14.75","64","14.85","4","22.01",
"4426","利勤","71,642","53","2,430,446","34.00","34.10","33.40","33.80","+","0.20","34.10","1","34.20","4","13.05",
"4526","東台","722,227","493","19,177,933","27.00","27.00","26.35","26.35","-","0.65","26.35","1","26.50","15","15.59",
"4532","瑞智","1,141,074","569","35,544,264","31.20","31.35","30.80","30.80","-","0.40","30.75","5","30.80","2","13.69",
"4536","拓凱","330,041","198","38,800,899","120.00","120.00","116.00","117.00","-","4.00","117.00","2","118.00","1","25.77",
"4722","國精化","126,000","62","2,777,300","22.00","22.15","22.00","22.10","+","0.10","22.05","3","22.10","3","15.14",
"4725","信昌化","449,125","291","10,098,298","22.60","22.70","22.20","22.20","-","0.20","22.20","22","22.35","1","0.00",
"4733","上緯","2,445,400","1,623","306,203,600","124.00","127.00","122.50","124.00","+","1.50","124.00","19","124.50","12","22.71",
"4737","華廣","19,000","7","953,700","50.00","50.50","49.60","49.60","-","0.90","49.80","2","50.10","1","51.13",
"4746","台耀","187,000","136","11,149,200","59.20","60.00","59.10","59.60","-","0.10","59.50","3","59.60","3","24.33",
"4755","三福化","10,000","9","246,900","24.75","24.75","24.65","24.65","+","0.15","24.65","7","24.80","1","19.88",
"4904","遠傳","5,642,031","2,578","376,165,556","66.50","67.20","66.00","66.90","+","0.80","66.80","1","66.90","120","17.51",
"4906","正文","1,168,951","593","26,115,191","22.65","22.85","22.15","22.15","-","0.55","22.10","65","22.15","10","63.29",
"4915","致伸","12,359,500","4,897","459,418,073","36.75","37.50","36.60","37.15","+","0.40","37.15","62","37.20","785","17.52",
"4916","事欣科","59,400","49","1,848,150","31.10","31.30","30.80","31.00","+","0.05","30.85","1","31.00","1","21.99",
"4919","新唐","249,000","189","6,642,050","26.60","26.90","26.45","26.80","+","0.35","26.65","5","26.80","4","16.54",
"4930","燦星網","698,988","274","10,916,402","15.80","15.80","15.45","15.70","+","0.25","15.65","21","15.70","1","0.00",
"4934","太極","3,463,434","1,350","57,754,984","16.60","16.95","16.55","16.65","-","0.60","16.65","33","16.70","18","14.35",
"4935","茂林-KY","321,000","186","13,128,950","41.10","41.15","40.80","40.85","-","0.25","40.85","4","41.00","1","14.09",
"4938","和碩","6,298,024","2,846","341,550,292","54.30","54.50","54.00","54.40","-","0.10","54.40","10","54.50","141","12.59",
"4942","嘉彰","114,000","90","3,373,300","29.70","29.80","29.45","29.80","+","0.25","29.50","9","29.80","13","8.44",
"4952","凌通","1,723,100","936","56,937,450","32.00","34.20","31.75","33.10","+","1.10","33.10","8","33.20","2","12.98",
"4956","光鋐","186,000","123","3,760,550","20.50","20.50","20.00","20.00","+","0.10","20.00","4","20.10","21","18.18",
"4958","臻鼎-KY","2,567,044","1,654","209,279,698","81.90","82.60","81.10","81.70","-","0.50","81.70","17","81.80","19","10.97",
"4960","誠美材","2,214,095","1,227","72,105,020","32.90","32.90","32.30","32.45","-","0.15","32.40","18","32.45","9","7.39",
"4976","佳凌","49,000","26","1,043,400","21.40","21.50","21.20","21.20","-","0.05","21.10","3","21.20","1","26.84",
"4977","眾達-KY","134,163","105","9,048,437","67.00","68.10","66.90","67.00"," ","0.00","66.80","2","67.30","2","15.51",
"4984","科納-KY","90,061","54","2,606,093","29.20","29.40","28.75","28.75"," ","0.00","28.75","3","28.90","2","19.97",
"4994","傳奇","142,080","123","20,993,260","148.00","150.00","146.00","146.00","-","1.00","146.00","5","147.00","2","25.26",
"4999","鑫禾","328,060","259","18,208,390","56.80","56.80","54.70","54.70","-","1.20","54.70","5","55.50","1","9.26",
"5007","三星","603,800","427","44,739,115","76.60","76.60","72.50","73.40","-","2.50","73.40","15","73.80","5","19.06",
"5203","訊連","80,183","77","7,041,687","87.50","88.80","87.50","87.80","-","0.10","87.80","2","88.40","2","12.93",
"5215","科嘉-KY","1,943,300","1,055","76,037,775","37.10","39.75","37.05","39.75","+","2.60","39.75","35","--","0","17.13",
"5225","東科-KY","531,000","353","28,643,400","53.80","55.00","53.80","53.80","-","4.00","--","0","53.80","494","12.87",
"5234","達興材料","31,852","34","1,256,853","39.50","39.50","39.30","39.50","+","0.20","39.50","1","39.70","2","10.42",
"5243","乙盛-KY","902,800","576","37,019,035","40.25","41.45","40.25","41.10","+","1.60","41.05","2","41.10","6","15.22",
"5259","奕智博","154,151","75","1,305,959","8.77","8.77","8.41","8.49","-","0.21","8.45","1","8.46","2","0.00",
"5264","鎧勝-KY","1,968,372","1,388","370,803,064","190.00","191.00","186.50","187.50","-","0.50","187.00","35","187.50","1","12.18",
"5269","祥碩","732,115","593","96,640,967","138.00","138.00","128.50","130.50","-","6.00","130.50","28","131.00","10","49.25",
"5280","F-敦泰","1,298,400","1,009","213,115,998","160.00","167.50","160.00","167.00","-","4.50","166.50","10","167.00","5","7.88",
"5285","界霖","52,000","28","2,323,000","45.30","45.30","44.50","44.80","-","0.50","44.70","1","44.90","3","19.23",
"5288","豐祥-KY","215,200","133","13,016,119","60.50","61.20","59.60","59.60","-","0.60","59.60","1","59.70","3","10.64",
"5305","敦南","641,685","226","12,814,450","19.95","20.15","19.85","19.95","-","0.10","19.90","79","19.95","14","30.23",
"5388","中磊","773,344","453","51,867,815","67.80","68.00","66.50","67.20","-","0.10","67.00","4","67.20","1","16.76",
"5434","崇越","243,129","198","13,499,943","55.40","56.00","55.20","55.20","-","0.10","55.20","6","55.30","2","11.06",
"5469","瀚宇博","468,566","121","5,292,995","11.30","11.40","11.25","11.30"," ","0.00","11.30","216","11.35","35","47.08",
"5471","松翰","178,772","143","7,834,549","43.85","44.00","43.60","43.60","-","0.25","43.60","10","43.85","11","13.71",
"5484","慧友","139,165","58","1,405,200","10.10","10.20","10.00","10.10","-","0.10","10.10","19","10.20","14","0.00",
"5515","建國","179,450","54","2,109,013","11.80","11.80","11.70","11.80","+","0.10","11.70","24","11.80","10","21.07",
"5519","隆大","15,005","19","332,607","22.30","22.30","22.15","22.15","-","0.15","22.15","5","22.20","18","4.42",
"5521","工信","342,744","62","4,152,801","12.10","12.20","12.05","12.15","+","0.05","12.10","11","12.15","7","0.00",
"5522","遠雄","1,696,132","990","53,808,777","32.10","32.10","31.30","31.65","+","0.05","31.55","2","31.65","105","6.21",
"5525","順天","24,205","13","417,775","17.30","17.35","17.20","17.20","-","0.10","17.15","6","17.30","4","14.58",
"5531","鄉林","1,109,500","216","20,438,300","18.50","18.55","18.20","18.35","+","0.10","18.35","3","18.45","12","4.31",
"5533","皇鼎","228,904","110","4,735,411","20.80","20.85","20.60","20.70","-","0.10","20.70","3","20.75","6","4.03",
"5534","長虹","144,530","135","9,122,355","63.70","64.00","62.60","62.70","-","1.00","62.70","2","62.90","30","41.80",
"5538","東明-KY","17,008","14","526,349","30.80","31.00","30.80","30.90","-","0.25","30.90","3","31.15","5","16.09",
"5607","遠雄港","124,000","72","2,633,500","21.30","21.30","21.20","21.20","+","0.25","21.20","2","21.25","8","15.59",
"5608","四維航","279,532","157","5,217,589","18.55","18.80","18.55","18.60","+","0.05","18.60","2","18.65","1","26.96",
"5706","鳳凰","124,650","88","5,424,022","43.90","44.00","43.10","43.35","-","0.25","43.25","1","43.45","1","18.37",
"5871","中租-KY","1,276,857","807","95,920,575","75.80","76.00","74.80","75.20","-","0.50","75.10","273","75.20","26","12.01",
"5880","合庫金","4,000,292","1,147","64,756,207","16.20","16.25","16.10","16.25","+","0.10","16.15","136","16.25","1,700","15.33",
"5906","台南-KY","49,000","24","331,520","7.04","7.04","6.72","6.75","+","0.03","6.75","1","6.80","5","0.00",
"5907","大洋-KY","365,000","212","22,440,200","61.80","62.00","61.10","61.10","-","0.60","61.10","29","61.40","25","10.20",
"6005","群益證","1,341,712","757","13,257,380","9.85","9.94","9.84","9.94","+","0.09","9.88","85","9.94","48","11.69",
"6108","競國","286,007","83","5,675,947","20.00","20.00","19.65","19.80","-","0.15","19.75","25","19.80","1","12.77",
"6112","邁達特","134,101","75","4,621,572","34.40","34.65","34.40","34.40","+","0.05","34.40","10","34.45","2","13.13",
"6115","鎰勝","101,104","59","4,140,608","41.00","41.00","40.85","40.95"," ","0.00","40.95","2","41.00","10","12.08",
"6116","彩晶","66,681,528","11,722","531,784,260","7.65","8.13","7.57","8.13","+","0.53","8.13","6,308","--","0","6.50",
"6117","迎廣","40,200","32","636,340","16.00","16.00","15.75","15.80","-","0.25","15.75","3","15.80","2","21.07",
"6120","達運","4,601,528","1,474","58,218,244","12.60","12.85","12.50","12.55","+","0.35","12.55","27","12.60","11","0.00",
"6128","上福","20,422","16","667,798","32.65","32.80","32.65","32.70","+","0.05","32.70","9","32.95","2","12.25",
"6131","鈞泰","1,656,250","748","20,640,274","12.90","12.90","12.10","12.60","-","0.30","12.60","14","12.65","10","0.00",
"6133","金橋","27,006","15","251,514","9.34","9.34","9.30","9.30","-","0.01","9.32","1","9.33","3","28.18",
"6136","富爾特","14,270","11","354,096","24.80","24.90","24.80","24.80","+","0.05","24.80","10","24.90","1","9.96",
"6139","亞翔","31,000","18","770,200","24.90","24.95","24.80","24.80","-","0.10","24.80","1","24.90","1","14.25",
"6141","柏承","61,000","41","687,950","11.25","11.35","11.20","11.30"," ","0.00","11.25","4","11.35","5","0.00",
"6142","友勁","178,381","77","1,124,769","6.35","6.35","6.28","6.30","-","0.03","6.29","3","6.30","4","0.00",
"6145","勁永","1,882,627","690","29,713,032","15.45","16.15","15.20","16.10","+","0.70","16.00","28","16.10","48","0.00",
"6152","百一","353,868","145","4,438,240","12.55","12.65","12.40","12.65","+","0.05","12.60","5","12.65","5","1,265.00",
"6153","嘉聯益","8,329,999","3,451","273,082,016","33.30","33.40","32.10","33.20","-","0.10","33.20","27","33.25","27","15.16",
"6155","鈞寶","5,192","8","100,353","19.30","19.50","19.20","19.50","+","0.35","19.30","4","19.45","1","17.11",
"6164","華興","133,261","85","2,053,788","15.50","15.55","15.35","15.35","-","0.15","15.35","6","15.40","12","13.01",
"6165","浪凡","162,328","84","1,806,274","11.15","11.45","11.05","11.10","-","0.05","11.10","5","11.15","8","0.00",
"6166","凌華","1,190,426","876","91,411,959","78.00","78.40","76.10","76.10","-","1.80","76.10","17","76.40","1","25.71",
"6168","宏齊","673,407","297","11,736,909","17.50","17.60","17.20","17.35","-","0.05","17.30","10","17.35","6","9.18",
"6172","互億","7,609","15","48,203","6.13","6.18","6.13","6.18","-","0.22","6.20","1","6.51","6","309.00",
"6176","瑞儀","706,021","556","75,108,252","107.50","107.50","106.00","106.00"," ","0.00","106.00","261","106.50","31","12.03",
"6177","達麗","122,689","55","4,392,014","36.40","36.40","35.55","35.95","+","0.15","35.60","9","35.95","1","7.28",
"6183","關貿","43,010","27","1,134,262","26.45","26.60","26.25","26.25","-","0.20","26.20","2","26.30","5","19.59",
"6184","大豐電","42,600","33","2,131,000","50.00","50.20","49.90","50.00"," ","0.00","49.95","6","50.00","5","16.34",
"6189","豐藝","223,822","125","7,919,229","35.50","35.60","35.30","35.35","-","0.15","35.30","4","35.40","9","10.78",
"6191","精成科","659,210","165","6,387,447","9.61","9.85","9.50","9.85","+","0.25","9.53","6","9.85","69","0.00",
"6192","巨路","31,890","33","2,076,871","65.10","65.30","65.00","65.10","-","0.20","65.10","1","65.30","4","12.24",
"6196","帆宣","454,331","209","9,945,765","22.00","22.10","21.75","21.80"," ","0.00","21.80","9","21.90","1","9.36",
"6197","佳必琪","984,400","489","26,914,809","27.30","27.70","26.85","27.15","+","0.15","27.15","2","27.25","1","20.73",
"6201","亞弘電","4,001","5","95,574","23.80","23.95","23.80","23.90"," ","0.00","23.80","12","23.95","7","19.27",
"6202","盛群","1,031,160","754","54,606,911","52.50","53.30","52.50","53.00","+","0.70","53.00","23","53.10","5","15.82",
"6205","詮欣","1,007,094","482","31,824,034","30.90","32.05","30.75","31.75","+","1.00","31.70","3","31.75","35","12.07",
"6206","飛捷","870,383","669","99,321,279","114.50","116.00","112.50","112.50","-","1.00","112.50","12","113.00","2","16.97",
"6209","今國光","192,810","143","4,005,281","20.80","20.90","20.70","20.70"," ","0.00","20.70","6","20.80","1","0.00",
"6213","聯茂","228,855","148","5,457,592","24.05","24.05","23.75","23.80","-","0.10","23.80","20","23.85","13","10.87",
"6214","精誠","4,598,563","2,511","261,714,791","56.80","57.60","55.90","57.00","+","0.60","57.00","38","57.10","17","15.92",
"6215","和椿","697,000","364","15,084,750","21.70","21.90","21.50","21.60","-","0.10","21.60","29","21.65","7","33.23",
"6216","居易","103,000","74","2,719,950","26.15","26.55","26.15","26.15"," ","0.00","26.15","1","26.30","13","11.03",
"6224","聚鼎","28,299","33","1,908,508","67.50","67.50","67.30","67.40","-","0.10","67.30","6","67.50","4","13.48",
"6225","天瀚","115,365","43","635,005","5.55","5.55","5.50","5.50","+","0.25","5.50","3","5.51","10","0.00",
"6226","光鼎","69,634","49","638,693","9.25","9.25","9.12","9.19","-","0.01","9.12","4","9.20","11","26.26",
"6230","尼得科超眾","875,654","698","77,174,129","88.80","89.70","86.90","87.40","-","1.40","87.40","2","87.60","1","13.20",
"6235","華孚","112,500","39","594,208","5.30","5.30","5.24","5.30"," ","0.00","5.24","8","5.30","9","0.00",
"6239","力成","2,847,482","1,266","143,098,045","50.60","50.60","50.10","50.10","-","0.20","50.10","81","50.20","2","0.00",
"6243","迅杰","2,222,174","1,128","43,491,572","18.90","20.10","18.80","19.40","+","0.55","19.40","6","19.45","10","0.00",
"6251","定穎","1,548,300","611","23,543,182","15.05","15.45","15.00","15.05","+","0.05","15.05","11","15.10","2","0.00",
"6257","矽格","829,383","508","24,140,644","29.15","29.35","29.00","29.00","-","0.10","29.00","36","29.05","1","10.28",
"6269","台郡","3,882,166","2,548","241,434,592","63.70","63.70","61.60","61.90","-","1.70","61.90","21","62.00","8","8.05",
"6271","同欣電","1,327,304","984","166,499,108","126.00","127.00","124.00","127.00","+","2.50","126.50","8","127.00","47","13.04",
"6277","宏正","53,205","47","3,954,991","74.40","74.70","74.00","74.20","-","0.20","74.10","2","74.50","4","11.89",
"6278","台表科","674,619","519","28,811,388","43.20","43.40","42.40","42.40","-","0.75","42.40","27","42.50","1","11.71",
"6281","全國電","73,351","53","4,282,673","58.70","58.70","58.10","58.20","-","0.40","58.20","3","58.40","86","14.85",
"6282","康舒","3,495,701","1,854","122,845,036","35.75","35.80","34.70","34.95","-","0.50","34.95","21","35.00","32","16.41",
"6283","淳安","73,320","33","408,120","5.56","5.61","5.53","5.54","+","0.01","5.54","5","5.57","7","0.00",
"6285","啟碁","570,428","492","38,789,714","68.60","68.90","67.60","67.80","-","0.80","67.80","97","68.00","4","14.74",
"6286","立錡","658,226","542","98,298,900","152.00","152.00","148.00","148.00","-","2.00","148.00","65","148.50","14","16.23",
"6289","華上","129,500","27","254,680","2.06","2.06","1.93","1.97","-","0.06","1.96","5","1.98","10","0.00",
"6405","悅城","170,000","102","8,692,400","51.60","51.60","50.70","50.90","-","0.70","50.80","1","51.00","1","8.41",
"6409","旭隼","340,093","367","88,427,273","255.00","264.00","255.00","262.00","+","7.00","260.50","1","262.00","1","23.62",
"6412","群電","106,815","91","4,717,016","44.40","44.40","44.10","44.10","-","0.10","44.10","57","44.15","1","17.36",
"6414","樺漢","651,139","473","130,616,800","204.50","205.00","197.00","200.00","-","1.00","200.00","38","201.00","6","34.31",
"6415","矽力*-KY","145,205","144","33,511,535","235.50","237.50","225.50","228.00","-","3.50","228.00","1","228.50","8","27.34",
"6504","南六","144,100","129","19,370,400","137.00","137.00","133.50","135.00"," ","0.00","134.00","4","135.00","1","22.17",
"6505","台塑化","1,562,350","950","107,079,573","68.60","68.90","68.40","68.80","+","0.10","68.50","273","68.80","11","20.54",
"6605","帝寶","367,000","298","40,515,000","110.00","112.00","109.00","110.50","+","0.50","110.00","80","111.00","4","13.44",
"6702","興航","1,233,200","336","14,306,889","11.70","11.70","11.50","11.50","-","0.15","11.50","59","11.55","12","13.37",
"8011","台通","3,764,260","2,080","167,087,118","44.80","45.60","43.80","44.00","-","1.10","44.00","16","44.05","4","17.81",
"8016","矽創","3,088,735","1,933","228,501,062","74.50","75.50","72.00","72.20","-","1.50","72.10","12","72.20","23","15.83",
"8021","尖點","553,411","277","16,235,932","29.50","29.55","29.20","29.20","-","0.20","29.20","21","29.35","1","15.87",
"8033","雷虎","107,366","60","1,308,027","12.30","12.30","12.05","12.10","-","0.20","12.10","11","12.15","4","33.61",
"8039","台虹","1,714,300","1,006","76,004,202","45.00","45.05","44.00","44.10","-","0.70","44.10","42","44.25","2","9.23",
"8046","南電","448,240","296","18,838,153","41.95","42.25","41.80","41.80","-","0.10","41.75","5","41.90","6","45.43",
"8070","長華*","193,417","117","11,483,920","60.00","60.40","58.90","59.30","-","0.70","59.00","12","59.30","3","11.79",
"8072","陞泰","37,530","36","2,047,036","54.00","55.00","54.00","54.30","+","0.10","54.30","1","54.50","1","17.35",
"8081","致新","61,281","62","4,992,685","81.50","81.80","81.30","81.30","-","0.20","81.20","10","81.30","1","12.60",
"8101","華冠","298,890","174","4,106,740","13.65","13.85","13.60","13.75"," ","0.00","13.75","30","13.85","32","29.26",
"8103","瀚荃","764,458","502","38,528,174","51.20","51.50","49.80","50.10","-","0.90","50.10","10","50.20","3","11.79",
"8105","凌巨","906,033","383","9,627,943","10.85","10.85","10.55","10.65","-","0.05","10.60","46","10.65","15","0.00",
"8110","華東","2,979,397","722","42,941,415","14.45","14.55","14.30","14.45","-","0.15","14.45","176","14.50","54","12.46",
"8112","至上","1,594,195","582","26,196,633","16.45","16.55","16.35","16.50","+","0.20","16.50","6","16.55","90","16.50",
"8114","振樺電","1,019,906","816","155,517,618","147.00","156.00","147.00","154.00","+","8.00","154.00","1","155.00","20","16.74",
"8131","福懋科","280,000","128","5,649,850","20.20","20.35","20.00","20.10"," ","0.00","20.05","13","20.10","10","24.22",
"8150","南茂","1,178,102","676","45,139,814","38.00","38.65","37.75","38.35","+","0.65","38.35","1","38.40","15","12.17",
"8163","達方","384,695","193","6,371,791","16.65","16.70","16.40","16.40","-","0.20","16.40","9","16.55","37","0.00",
"8201","無敵","51,123","23","588,914","11.40","11.65","11.40","11.60","+","0.20","11.55","7","11.60","4","0.00",
"8210","勤誠","840,200","533","40,911,960","49.50","49.60","48.40","48.45","-","0.85","48.45","1","48.50","4","11.56",
"8213","志超","1,208,818","623","54,493,810","45.00","45.40","44.90","45.00","+","0.20","44.95","1","45.00","1","9.24",
"8215","明基材","5,417,206","2,407","176,566,857","32.90","33.10","32.10","32.20","-","0.15","32.15","18","32.20","2","6.75",
"8249","菱光","925,728","382","22,006,437","23.40","24.45","23.35","24.45","+","1.05","24.40","11","24.45","15","10.27",
"8261","富鼎","147,488","80","3,141,895","21.30","21.45","21.05","21.20","-","0.05","21.15","7","21.20","3","0.00",
"8271","宇瞻","725,111","425","22,222,672","30.90","30.90","30.45","30.70","-","0.20","30.60","1","30.70","12","9.81",
"8374","羅昇","165,196","113","3,447,274","20.85","21.10","20.75","20.90","-","0.30","20.90","3","20.95","3","0.00",
"8404","百和興業-KY","66,444","42","1,248,259","18.70","18.85","18.70","18.80","+","0.10","18.80","4","18.85","7","12.29",
"8411","福貞-KY","177,575","131","6,416,472","36.00","36.50","35.55","36.00","-","0.35","36.00","36","36.40","1","8.82",
"8422","可寧衛","86,136","85","11,722,699","135.00","136.50","135.00","136.00","+","0.50","136.00","4","136.50","1","11.95",
"8427","基勝-KY","50,000","45","2,326,300","46.55","46.70","46.20","46.70","+","0.15","46.55","1","46.80","1","0.00",
"8429","金麗-KY","187,000","142","12,400,500","66.20","66.70","66.00","66.30","+","0.10","66.30","1","66.50","3","7.86",
"8443","阿瘦","377,085","259","14,239,016","37.30","38.45","37.20","37.60","+","0.50","37.60","10","37.75","1","20.11",
"8926","台汽電","641,468","359","15,561,418","24.30","24.40","24.15","24.25"," ","0.00","24.25","89","24.30","48","9.40",
"8940","新天地","12,406","11","228,048","18.40","18.40","18.30","18.30","-","0.05","18.30","1","18.40","1","0.00",
"8996","高力","192,949","149","11,423,473","59.30","59.50","59.10","59.20","-","0.10","59.20","2","59.30","4","24.56",
"910069","新曄","0","0","0","--","--","--","--"," ","0.00","9.34","5","9.63","5","0.00",
"9103","美德醫療-DR","138,000","30","367,030","2.68","2.68","2.62","2.67","-","0.02","2.67","2","2.68","1","0.00",
"910322","康師傅-DR","82,000","31","3,026,950","36.60","37.15","36.60","36.95"," ","0.00","36.95","18","37.10","1","0.00",
"910482","聖馬丁-DR","2,274,000","155","4,403,830","1.83","1.96","1.83","1.96","+","0.12","1.96","2,123","--","0","0.00",
"9105","泰金寶-DR","463,087","106","1,346,935","2.92","2.93","2.89","2.90","-","0.02","2.89","98","2.90","137","0.00",
"9106","新焦點-DR","10,000","6","18,900","1.85","1.95","1.85","1.90","-","0.01","1.87","3","1.90","4","0.00",
"910708","恒大健-DR","0","0","0","--","--","--","--"," ","0.00","6.42","18","6.67","1","0.00",
"910801","金衛-DR","420,279","148","2,718,579","6.52","6.52","6.41","6.42","-","0.08","6.42","9","6.45","5","0.00",
"910861","神州-DR","5,000","4","68,050","13.70","13.70","13.55","13.55","-","0.15","13.55","7","13.70","7","0.00",
"9110","越南控-DR","74,000","14","281,090","3.80","3.85","3.78","3.85","+","0.02","3.79","2","3.85","10","0.00",
"911608","明輝-DR","0","0","0","--","--","--","--"," ","0.00","6.06","3","6.12","3","0.00",
"911609","揚子江","49,000","23","641,850","12.85","13.20","12.85","13.05","+","0.20","13.05","96","13.25","2","0.00",
"911611","中泰山-DR","451,000","79","1,029,450","2.27","2.31","2.24","2.28","+","0.01","2.28","96","2.30","25","0.00",
"911612","滬安","222,000","55","582,647","2.59","2.65","2.59","2.65","+","0.11","2.64","4","2.65","1","0.00",
"911616","杜康-DR","126,000","27","461,410","3.65","3.68","3.64","3.67","+","0.02","3.65","3","3.67","8","0.00",
"911622","泰聚亨-DR","1,000","1","12,500","12.50","12.50","12.50","12.50","X","0.00","11.75","2","13.00","1","0.00",
"911626","MSH-DR","16,000","6","74,280","4.65","4.65","4.63","4.64","-","0.10","4.51","1","4.64","50","0.00",
"911868","同方友友-DR","85,000","15","193,880","2.28","2.29","2.24","2.29","+","0.01","2.29","8","2.37","5","0.00",
"912000","晨訊科-DR","175,000","20","594,510","3.42","3.42","3.38","3.38","+","0.03","3.37","1","3.40","9","0.00",
"912398","友佳-DR","25,000","12","237,280","9.60","9.60","9.34","9.53","-","0.02","9.42","8","9.53","2","0.00",
"9136","巨騰-DR","189,000","67","3,189,750","17.00","17.00","16.85","16.85","-","0.15","16.80","36","16.85","21","0.00",
"913889","大成糖","26,000","10","80,210","3.06","3.11","3.06","3.11"," ","0.00","3.08","1","3.11","20","0.00",
"9157","陽光能源-DR","168,000","29","402,930","2.40","2.44","2.39","2.43","+","0.02","2.39","7","2.43","1","0.00",
"9188","精熙-DR","74,000","2","250,760","3.38","3.39","3.38","3.39"," ","0.00","3.32","1","3.39","1","0.00",
"9802","鈺齊-KY","632,015","399","29,152,455","46.40","46.80","45.55","46.65","+","0.80","46.60","4","46.65","4","16.72",
"9902","台火","61,634","39","919,139","15.00","15.00","14.85","15.00"," ","0.00","14.90","5","15.00","47","0.00",
"9904","寶成","3,205,870","1,511","106,688,510","33.00","33.50","32.95","33.15","+","0.15","33.15","25","33.20","13","11.05",
"9905","大華","223,096","153","6,372,464","28.55","28.80","28.45","28.50","-","0.05","28.40","16","28.50","71","10.67",
"9906","欣巴巴","27,560","19","897,359","32.60","32.65","32.55","32.55"," ","0.00","32.55","13","32.85","2","0.00",
"9907","統一實","3,838,385","1,161","65,661,830","17.20","17.35","17.00","17.05","-","0.15","17.05","71","17.10","15","24.71",
"9908","大台北","38,143","25","891,131","23.10","23.50","23.10","23.20"," ","0.00","23.20","8","23.35","12","16.22",
"9910","豐泰","724,215","649","59,205,400","81.70","82.90","80.20","81.90","+","0.20","81.70","2","81.90","2","18.04",
"9911","櫻花","210,026","80","4,399,185","20.95","21.00","20.90","20.95","+","0.05","20.95","5","21.00","29","10.69",
"9912","偉聯","27,836","30","322,293","11.50","11.70","11.45","11.60","+","0.10","11.55","5","11.60","2","42.96",
"9914","美利達","549,711","351","117,344,232","213.50","214.50","213.00","213.00","-","0.50","213.00","2","213.50","3","20.84",
"9917","中保科","340,261","297","27,278,052","80.90","80.90","79.90","80.60","+","0.80","80.20","2","80.60","19","17.30",
"9918","欣天然","5,044","6","166,521","33.20","33.20","32.40","32.40","-","0.20","32.30","1","33.00","1","25.92",
"9919","康那香","371,201","134","5,188,688","13.95","14.05","13.95","13.95","-","0.10","13.95","100","14.00","10","87.19",
"9921","巨大","481,300","431","117,074,200","242.50","245.00","242.50","244.00","+","4.00","243.00","36","244.50","17","24.70",
"9924","福興","24,700","25","716,762","29.00","29.10","29.00","29.05","+","0.05","28.95","3","29.10","4","8.65",
"9925","新保","99,061","66","3,766,216","38.25","38.25","37.95","38.10","+","0.15","38.00","4","38.10","2","14.54",
"9926","新海","4,060","5","171,212","42.00","42.60","42.00","42.00","+","0.25","42.00","1","42.55","1","24.42",
"9927","泰銘","90,709","56","3,082,472","34.00","34.10","33.90","34.10","+","0.10","33.95","2","34.10","3","10.59",
"9928","中視","39,527","32","597,260","15.20","15.30","14.95","15.30","+","0.10","15.10","2","15.30","8","0.00",
"9929","秋雨","117,000","8","1,052,420","9.03","9.03","8.90","9.00","-","0.10","8.90","47","9.00","15","0.00",
"9930","中聯資源","57,200","48","3,856,480","67.30","67.80","67.20","67.30"," ","0.00","67.10","2","67.30","9","15.72",
"9931","欣高","3,056","10","120,790","39.45","39.65","39.45","39.65","+","0.35","39.45","6","39.95","1","26.43",
"9933","中鼎","1,062,792","792","53,171,289","50.20","50.50","49.85","50.00","-","0.20","49.95","93","50.00","263","24.88",
"9934","成霖","244,607","149","3,674,785","15.20","15.25","14.95","14.95","-","0.15","14.95","31","15.00","2","2.54",
"9935","慶豐富","1,386,172","455","12,271,718","8.80","9.25","8.47","9.01","+","0.26","9.00","50","9.03","7","0.00",
"9937","全國","168,000","145","5,832,050","34.50","34.80","34.50","34.75","+","0.15","34.75","4","34.80","8","31.88",
"9938","百和","2,612,814","1,471","114,942,251","44.70","44.70","43.50","44.05","-","0.35","44.00","3","44.05","52","15.85",
"9939","宏全","1,035,418","732","49,792,221","48.50","48.80","48.00","48.00","-","0.50","48.00","79","48.30","4","13.95",
"9940","信義","371,601","229","13,287,245","35.80","35.90","35.60","35.90","+","0.10","35.85","1","35.90","2","17.86",
"9941","裕融","144,200","96","10,716,899","74.90","74.90","74.00","74.20","+","0.20","74.20","3","74.30","7","12.90",
"9942","茂順","65,000","54","7,153,000","110.00","110.50","110.00","110.00","+","1.00","110.00","24","110.50","14","16.67",
"9943","好樂迪","167,472","91","5,928,302","35.35","35.60","35.30","35.60","+","0.35","35.50","9","35.60","2","11.79",
"9944","新麗","253,000","153","11,588,600","46.50","46.50","44.60","45.80","-","0.70","45.65","1","45.80","1","49.78",
"9945","潤泰新","4,871,427","1,915","221,129,983","45.80","46.20","44.75","45.15","-","0.50","45.05","1","45.15","2","1.81",
"9946","三發地產","63,200","36","1,207,179","19.15","19.25","19.05","19.05","-","0.05","19.00","15","19.05","4","39.69",
"9955","佳龍","45,511","32","779,237","17.00","17.20","17.00","17.20","-","0.10","17.15","3","17.20","3","50.59",
"9958","世紀鋼","142,828","35","1,443,030","10.15","10.15","10.10","10.10","-","0.05","10.10","29","10.15","100","15.07",
